Latin Input,True Devnagari,Predicted,Correct
augustustin,अगस्टाइन,अगस्ट्््टिंग,False
achievemen,अचीवमेंट,अशिववमेंट,False
achivemen,अचीवमेंट,अशिवेमेंट,False
antarmuk,अंतर्मुख,अंतरममुख,False
augustin,अगस्टाइन,आगस्टिंग,False
achhaner,अछनेरा,अच्नेरी,False
angaara,अंगारक,अंगरर,False
antmurk,अंतर्मुख,अंतममक््,False
antrmuk,अंतर्मुख,अंतर्मुख,True
andrabe,अंद्राबी,अंडर्बे,False
andhapa,अंधापन,अंधपपन,False
acapulc,अकापुल्को,एकाप््,False
akapulk,अकापुल्को,अकापुक्,False
achambh,अचंभा,अचूभा,False
achanbh,अचंभा,अचंभ,False
attahas,अट्टहास,अत्थासी,False
angara,अंगारक,अंगरर,False
angraj,अंग्रज़ी,अंग्रजी,False
angrej,अंग्रज़ी,अंग््ेज,False
andrab,अंद्राबी,अंरर्ब,False
andher,अंधेरी,अंधेरी,True
ambaan,अंबानी,अमबनन,False
august,अगस्ता,औजस्ट,False
achner,अछनेरा,अचनने,False
ajmeed,अजमीढ़,अजमीी,False
atthaa,अट्टहास,अट्थान,False
anako,अंकों,अनकों,False
ankho,अंकों,अंखों,False
angko,अंकोर,अंगको,False
angrz,अंग्रज़ी,अंग््ज,False
antah,अंतः,अंतााी,False
amban,अंबानी,अमबनन,False
akhan,अखंड,अखंना,False
agava,अगवाई,अगवन,False
agvaa,अगवाई,अग्वान,False
agust,अगस्ता,अगससत,False
achch,अच्छी,अच्छा,False
achyu,अच्युत,अछूआ,False
agyaa,अज्ञात,अज्ञान,False
atakt,अटकता,अटकतत,False
atkat,अटकता,अट्तत,False
atwaa,अटवाल,अतवास,False
anki,अंकित,अंकित,True
anko,अंकों,अंकों,True
anko,अंकोर,अंकों,False
anta,अंतः,अंतन,False
andh,अंधा,अंधी,False
akra,अकरम,अक्रा,False
akhi,अखिल,अखिर,False
agst,अगस्ता,अजस्त,False
acch,अच्छी,अच्छा,False
achh,अच्छी,अछा,False
ajha,अजहर,अज़़,False
azha,अजहर,अज़न,False
agna,अज्ञात,अज्ञान,False
agya,अज्ञात,अज्ञान,False
atak,अटके,आकाक,False
atwa,अटवाल,अतवार,False
ank,अंक,अंक,True
agr,अग्र,अग्ा,False
aji,अजित,अजीद,False
atk,अटके,अट्का,False
an,अंक,अंड,False
ag,अग्र,आगा,False
aparivartanshal,अपरिवर्तनशील,अपरिवर्शनाली,False
aparivartanshee,अपरिवर्तनशील,अपरिवर्ननीी,False
aparivartanshi,अपरिवर्तनशील,अपरिवर्षनीय,False
adhyayanara,अध्ययनरत,अध्ययनरण,False
anishwarvad,अनीश्वरवादी,अनिश्वर्वादी,False
anishwarwad,अनीश्वरवादी,अनिश्वर्वादी,False
adhyayanra,अध्ययनरत,अध्ययनरण,False
anaavashya,अनावश्यक,अनावश््य,False
anuprayogo,अनुप्रयोगों,अनुप्राोगों,False
apaardarsh,अपारदर्शी,अपराद्षष,False
advaitvaa,अद्वैतवाद,एद्वत्वास,False
adhyaynra,अध्ययनरत,अध्ययनरर,False
anavashya,अनावश्यक,अनावश््,False
anawashya,अनावश्यक,अनावशय्,False
anuprayog,अनुप्रयोगों,अनुप्रोगग,False
anupryogo,अनुप्रयोगों,अनुप्रोगों,False
aparihary,अपरिहार्य,अपरिहार्य,True
apardarsh,अपारदर्शी,अपरदर्श,False
advaitwa,अद्वैतवाद,एदववतवान,False
anavshya,अनावश्यक,अनाश्या,False
anukolth,अनुकूलता,अनुकोलि,False
anukulat,अनुकूलता,अनुकूलता,True
apavarti,अपवर्तित,अपरारतित,False
anukult,अनुकूलता,अनुकूलता,True
aprihar,अपरिहार्य,अपरिहार,False
apriyar,अपरिहार्य,अपिरयारी,False
apvarti,अपवर्तित,अपरररतित,False
atharv,अथर्व,अथा्व,False
adhiva,अधिवास,अधिवास,True
adhiwa,अधिवास,अधिवास,True
adviva,अधिवास,एद्विवास,False
anchah,अनचाहे,अंचहे,False
anuchi,अनुचित,अनुचित,True
anuree,अनुरीत,अनुरीन,False
apvtri,अपवर्तित,अप्त्रतय,False
attha,अट्टहास,अट्था,False
athar,अथर्व,अथार,False
adaan,अदाणी,अदानी,False
advai,अद्वैत,एदवान,False
adwai,अद्वैत,एदवाय,False
adhii,अधीक,अधीन,False
anant,अनंती,अनंटा,False
angad,अनगढ़,अंगा़ी,False
angar,अनगढ़,अंगरी,False
antha,अनथक,अंतन,False
untha,अनथक,ऊंठन,False
anhon,अनहोनी,अन्हनन,False
anuri,अनुरीत,अनुरित,False
anuth,अनूठी,अनुठा,False
anudi,अनूदित,अनुदित,False
anyaa,अन्याय,अन्यान,False
anyay,अन्याय,अन्याय,True
apnan,अपनानी,अपनाने,False
afric,अफ्रीका,अफ्रिक,False
addo,अड्डों,एड्दन,False
atha,अथक,अथा,False
adan,अदाणी,अदंन,False
adhi,अधीक,अधीर,False
anan,अनंत,अनंन,False
anya,अन्याय,अन्यान,False
afro,अफरोज,अफरर,False
afro,अफरोज,अफरर,False
ada,अदद,अदन,False
ani,अनिक,अनित,False
ayodhyaanaat,अयोध्यानाथ,अयोध्यनाथ,False
ayodhyanaat,अयोध्यानाथ,अयोध्यनाथ,False
ayodhyeanat,अयोध्यानाथ,अयोध्यताथ,False
ayodhyanat,अयोध्यानाथ,अयोध्यनाथ,False
alagavavad,अलगाववादी,अलाववादी,False
earthquak,अर्थक्वेक,आर्थ्ोक्त,False
alankaaro,अलंकारों,अलंकारों,True
algavwaad,अलगाववादी,अल्गवादादी,False
alankaro,अलंकारों,अलंकरों,False
alnkaaro,अलंकारों,अलंकारों,True
algavvad,अलगाववादी,अल्गवादाी,False
abhisha,अभिशाप,अभीषण,False
amargar,अमरगढ़,अमरगढ़,True
amarpaa,अमरपाल,अमरपान,False
amaanat,अमानती,अमानती,True
amanath,अमानती,अमांथा,False
amavasy,अमावस्या,अमावसय,False
alankaa,अलंकार,अलंकार,True
alnkaro,अलंकारों,अलंकरों,False
abbaas,अब्बासी,अबाबेश,False
abhima,अभिमत,अभिमान,False
amjher,अमझेरा,अमेरी,False
amarga,अमरगढ़,अमरगन,False
amarpa,अमरपाल,अमरपन,False
amaroh,अमरोही,अमरोही,True
amaana,अमानत,अमान,False
amanat,अमानती,अमानत,False
amavsy,अमावस्या,अमावसय,False
alanka,अलंकार,अलंकर,False
alnkaa,अलंकार,अलंकार,True
alayan,अलायंस,अलायनी,False
alianc,अलायंस,एलांस,False
abbas,अब्बासी,अब्सेस,False
amzer,अमझेरा,अमेेरी,False
amroh,अमरोही,अमरोही,True
amana,अमानत,अमना,False
amant,अमानत,अमंता,False
amita,अमिताव,अमीटन,False
amita,अमिताव,अमीटन,False
amban,अम्बानी,अमबनन,False
arada,अरदास,अरदद,False
ardaa,अरदास,अरददर,False
araba,अरबाब,अरबब,False
aroun,अराउंड,अरोंं,False
arjen,अर्जेंट,अर्जें,False
urgen,अर्जेंट,यर्जनं,False
artho,अर्थों,आर्थोन,False
aryam,अर्यमा,आर्यमम,False
aryma,अर्यमा,आर्यमन,False
alanc,अलायंस,अलंच,False
amog,अमोघ,अमोज,False
arda,अरदास,अर्दन,False
arba,अरबाब,अरबब,False
arth,अर्थ,अर्थो,False
eart,अर्थ,ईरतथ,False
arpi,अर्पित,आर्पि,False
arym,अर्यमा,आर्यम,False
aliv,अलाइव,अलीवा,False
alin,अलिंद,एलींग,False
abh,अभी,आभा,False
ami,अमित,अमीन,False
amu,अमुक,अमूर,False
art,अर्थ,आर्टो,False
ala,अली,अलन,False
avishvaasni,अविश्वसनीय,अविश्वससी,False
avishvasniy,अविश्वसनीय,अविश्वसीय,False
avasthaaye,अवस्थाएं,अवस्थाएं,True
avishvasni,अविश्वसनीय,अविश्वसीय,False
avisvasniy,अविश्वसनीय,अविस्वसीय,False
asamanjasy,असामंजस्य,असममजज्य,False
awantipor,अवंतिपुर,अवाटिपोर्,False
avaigyani,अवैज्ञानिक,अवैज्ञनतक,False
avaigyani,अवैज्ञानिक,अवैज्ञनतक,False
ashaktata,अशक्तता,आसककतता,False
ashrvatat,अश्वत्थ,अश्रव्तता,False
asamanjas,असामंजस्य,असमंजशी,False
asurakshi,असुरक्षित,असुरक्षित,True
asvabhavi,अस्वभाविक,अस्वाभावित,False
aswabhavi,अस्वभाविक,अस्वाभावि,False
avantipu,अवंतिपुर,अवंतिपुर,True
avarodha,अवरोधक,अवरोधन,False
avarnata,अवर्णता,अवर्णना,False
avsthaye,अवस्थाएं,अवस्थाएं,True
awasthae,अवस्थाएं,अवस्थाएं,True
avegyani,अवैज्ञानिक,अवेज्ञित,False
asharaph,अशरफी,अशारफी,False
asaamnjs,असामंजस्य,असामजसी,False
asurkshi,असुरक्षित,असुरक्षित,True
aswbhavi,अस्वभाविक,अस्वावात,False
alphabe,अल्फ़ाबेट,अल्पाबे,False
avrodha,अवरोधक,अवरोधन,False
avarnat,अवर्णता,अवर्नता,False
avashis,अवशिष्ट,अवशीष,False
avshish,अवशिष्ट,अवशिष्ट,True
awashis,अवशिष्ट,अवशिष,False
avsthae,अवस्थाएं,अवस्थाएं,True
asharir,अशरीरी,अशारीा,False
asamaan,असमान्य,असममान,False
ahiraul,अहिरौली,अहिरौली,True
avrodh,अवरोधक,अवरोधि,False
avrant,अवर्णता,अवरंत,False
ashktt,अशक्तता,अश्कततत,False
ashraf,अशरफी,अश्रफा,False
ashrir,अशरीरी,अश्रीर,False
ashvtt,अश्वत्थ,अश्वत्ता,False
asaman,असमान्य,असामान,False
asmany,असमान्य,असममान्य,False
alons,अलोंसो,अलोसस,False
avira,अविरल,अविरा,False
alos,अलोंसो,आलोस,False
avar,अवरु,अवरर,False
awar,अवरु,अवार्,False
avik,अविका,अविक्त,False
avir,अविरल,अविरा,False
aviv,अवीवा,अविवा,False
asse,असेट,एसेट,False
item,आइटम्स,इतेमी,False
ali,अली,एलिम,False
alb,अल्बा,अल्,False
avr,अवरु,अवर्,False
ase,असेट,असेट,True
ite,आइटम,इतर,False
idl,आइडल,इडली,False
ido,आइडल,आईडन,False
al,अली,अला,False
av,अवि,अवन,False
ic,आइसीसी,आईसीएी,False
is,आइसो,इस,False
aapadaaae,आपदाएं,आपदाएं,True
aajmaana,आजमाना,आजमानत,False
aazmaana,आजमाना,आजमानत,False
aadhaari,आधारित,आधारिन,False
aapdayei,आपदाएं,आपदाएं,True
aagaash,आगाशे,आगाश,False
aatmaye,आत्माएं,आत्माें,False
aadhari,आधारित,आधारिन,False
aadhuni,आधुनिक,आधुनिक,True
aapdaei,आपदाएं,आपदांं,False
aabanti,आबंटित,आबंतिि,False
aakaas,आकाश,आकाश,True
aagama,आगमन,आगममन,False
aagash,आगाशे,आगशी,False
aajman,आजमाना,आजमाने,False
adhari,आधारित,आधारीन,False
aadhee,आधीन,आधीर,False
abanti,आबंटित,आबंतिि,False
aamdan,आमदनी,आमददन,False
amadan,आमदनी,अमददन,False
aayeng,आयेंगे,आयंेग,False
aayoja,आयोजक,आयोजन,False
aarush,आरुषि,आरूषि,False
aakas,आकाश,आकाश,True
aakhe,आखेट,आखें,False
aagma,आगमन,आजममन,False
agash,आगाशे,अगशी,False
atmae,आत्माएं,आत्माई,False
aadaa,आदान,आदा,False
aadhi,आधीन,आधिर,False
aanan,आनद,आनंी,False
aapka,आपका,आपकार,False
aamda,आमदन,आमदा,False
amada,आमदन,अमदन,False
aaraa,आराम,आरा,False
arush,आरुषि,अरुषा,False
arter,आर्टरी,आर्टर्स,False
ounc,आउंस,ऊंच,False
akhe,आखेट,अखें,False
aaga,आगत,आग़,False
aaga,आग़ा,आग़,False
aaga,आग़ा,आग़,False
aada,आदान,आदम,False
aana,आनद,आना,False
anan,आनद,अनंन,False
aapk,आपका,आपकी,False
aabr,आबरू,आब्ी,False
abar,आबरू,आबार,False
aamd,आमदी,आमदी,True
aamo,आमोद,आमो,False
aara,आराम,आरण,False
ipa,आईपैड,आपान,False
iri,आईरिस,इररन,False
aak,आके,आके,True
agh,आग़ा,आघा,False
aat,आटा,आत्,False
att,आटा,एट्टी,False
amd,आमदी,अमडड,False
amo,आमोद,अमोन,False
ara,आराम,अरण,False
ip,आईपीसी,आईपीएी,False
at,आटा,एटी,False
r,आरओ,रे,False
r,आरपी,रे,False
introductio,इंट्रोडक्शन,इंट्रोबेश्शन,False
aavishakaa,आविष्कार,आविष्कार,True
aavrittiyo,आवृत्तियों,आवृत्िियों,False
aalochako,आलोचकों,आलोचकों,True
aavishkaa,आविष्कार,आविष्कार,True
aavritiyo,आवृत्तियों,आवृतियों,False
alochako,आलोचकों,आलोचकों,True
avrutiyo,आवृत्तियों,अवृतियों,False
aashrito,आश्रितों,आश्रितों,True
insuranc,इंश्योरेंस,इंसररें,False
aalocha,आलोचक,आलोचन,False
aawaaze,आवाज़ें,आवाजें,False
avishka,आविष्कार,अविष्कार,False
aavritt,आवृत्ति,आवृत्ति,True
aashank,आशंका,आशंका,True
ashrito,आश्रितों,अश्रितों,False
enginee,इंजिनियर,इंजीनियर,False
aaryik,आर्यिका,आर्यिका,True
alocha,आलोचक,आलोचन,False
aawaje,आवाज़ें,आवाजें,False
awaaze,आवाज़ें,आवाजें,False
aawajo,आवाज़ों,आवाजों,False
aawazo,आवाज़ों,आवाजों,False
awaazo,आवाज़ों,आवाजों,False
aavrit,आवृत्ति,आवृत्,False
ashank,आशंका,आशंक,False
aastee,आस्तीन,आस्तीर,False
aahnaa,आह्नान,आहनान,False
englan,इंग्लैंड,इंग्लंड,False
ekatth,इकट्ठा,इकत्ठा,False
ikatth,इकट्ठा,इक््ठा,False
aryik,आर्यिका,आर्यिक्,False
aarya,आर्यों,आर्यन,False
aalha,आल्हा,आलहह,False
awaze,आवाज़ें,आवाजें,False
awazo,आवाज़ों,आवाजों,False
aasaa,आसान,आसाम,False
aasti,आस्तिक,आस्तिक,True
aasti,आस्तीन,आस्तिक,False
aahna,आह्नान,आहना,False
orde,आर्डर,ऑरडडर,False
aary,आर्य,आर्य,True
aary,आर्यो,आर्य,False
aryo,आर्यों,आर्यं,False
aals,आलसी,आलस्,False
alas,आलसी,अलस्,False
aalh,आल्हा,आला,False
alla,आल्हा,अल्ला,False
avut,आवृत्ति,अवुति,False
aasa,आसान,आसद,False
asti,आस्तिक,एस्टिन,False
asti,आस्तीन,एस्टिन,False
ahya,आह्नान,आह्यान,False
aar,आर्य,आर्,False
ary,आर्य,आर्य,True
ary,आर्यो,आर्य,False
ary,आर्यो,आर्य,False
ary,आर्यों,आर्य,False
alh,आल्हा,अल्ह,False
asa,आसान,असद,False
eye,इअर,आईं,False
iaa,इआन,आईएएए,False
ea,इअर,इंन,False
eo,इआन,इयन,False
inhalatio,इनहेलेशन,इनहहाइेनन,False
inhaletio,इनहेलेशन,इनहहेइेनन,False
uthaapata,उठापटक,उठापत्र,False
uchhalan,उछालने,उछलना,False
economi,इकोनोमिक,इकोनमिि,False
equitie,इक्विटीज,इक्वियेशन,False
ikvitij,इक्विटीज,इक्वििाज,False
ilayach,इलाइची,इलायची,False
ilayich,इलाइची,इलाइिचा,False
ishaara,इशारा,इशारत,False
isaaiyo,ईसाइयों,ईसाईयों,False
isayiyo,ईसाइयों,ईसाइययं,False
uchhaln,उछालने,उछलने,False
uthaaka,उठाकर,उठाकर,True
ekatth,इकठ्ठी,इकत्ठा,False
ikatth,इकठ्ठी,इक््ठा,False
ekaeyo,इकाईयों,एकाइयों,False
ikaiyo,इकाईयों,इकाइयों,False
ikario,इकाईयों,इकाििों,False
ecuado,इक्वाडोर,इक्यडडों,False
equado,इक्वाडोर,एक्यदडों,False
ijaaja,इजाजत,इजाज़त,False
imagin,इमेजिंग,इमाजिंग,False
elaich,इलाइची,इलेची,False
ilaich,इलाइची,इलाची,False
ishaar,इशारा,इशारे,False
isteef,इस्तीफे,इस्तीफा,False
emailo,ईमेलों,इमेलों,False
evenin,ईवनिंग,एवेनंं,False
isaiyo,ईसाइयों,ईसाईयों,False
ukhroo,उखरुल,उखरूत,False
uthaka,उठाकर,उठाकर,True
ijaja,इजाजत,इज़ज़त,False
immun,इम्युन,इम्यून,False
ishaa,इशाक,इशान,False
ishaa,इशाक,इशान,False
ishar,इशारा,इशहर,False
ishit,इशिता,इशिठठ,False
istif,इस्तीफे,इस्तिफ्,False
emelo,ईमेलों,एमेलं,False
ikhru,उखरुल,इखरू,False
ukhru,उखरुल,उखरर,False
ujbac,उज़्बेक,उज्ेक,False
uthan,उठने,उठान,False
ekth,इकठ्ठी,इक्ठा,False
ekae,इकाई,एकाए,False
ibij,इबीजा,इबीजी,False
ibiz,इबीजा,इबीजी,False
elaa,इलाज,इलान,False
ilaa,इलाज,इलान,False
isha,इशाक,इशहन,False
eate,ईटर,ईटे,False
emai,ईमेल,इमैन,False
isha,ईष्ट,इशहन,False
uzbe,उज़्बेक,उज्रब,False
uthn,उठने,उठना,False
ika,इकाई,इकान,False
ila,इलाज,इलान,False
ish,इष्ट,इशा,False
ite,ईटर,इतर,False
eas,ईष्ट,इश,False
ish,ईष्ट,इशा,False
e,ईए,इक,False
i,ईए,आई,False
udakishungan,उदाकिशुनगंज,उद्किचुंनन,False
udakishugan,उदाकिशुनगंज,उद्किष्णन,False
upadraviyo,उपद्रवियों,उपद्रवियों,True
uplabdhiyo,उपलब्धियों,उपलब्धियों,True
upakhyaano,उपाख्यानों,उपख्याों,False
updraviyo,उपद्रवियों,उपद्रवियों,True
upakhyano,उपाख्यानों,उपख्याों,False
uthapata,उठापटक,उठापतट,False
updravio,उपद्रवियों,उपद्रवियों,True
upadrawo,उपद्रवों,उपद्रवों,True
upabhokt,उपभोक्ता,उपभोकति,False
uplaksha,उपलक्ष्य,उपलक्षण,False
uplakshy,उपलक्ष्य,उपलक्ष्य,True
urvarako,उर्वरकों,उररववकों,False
urwarako,उर्वरकों,उूरावकों,False
upadrav,उपद्रवी,उपद्रवी,True
updravo,उपद्रवों,उपद्रवों,True
upbhokt,उपभोक्ता,उपभोकतत,False
uplabdh,उपलब्धी,उपलब््,False
urvarko,उर्वरकों,उर्ावकों,False
urvarat,उर्वरता,उररवरती,False
udaana,उड़ाना,उदानान,False
udaane,उड़ानें,उदाने,False
udaano,उड़ानों,उदानों,False
udghos,उदघोष,उद्घोष,False
unatee,उनतीस,यूनीत,False
updrav,उपद्रवी,उपद्रवी,True
uplaks,उपलक्ष्य,उपल्कषष,False
uplabd,उपलब्ध,उपलब्ध,True
ubhaar,उभारा,उभारी,False
umanat,उमानाथ,उमनात,False
urvart,उर्वरता,उरररत्थ,False
urwart,उर्वरता,उररवर्थ,False
udaan,उड़ाने,उदानी,False
udane,उड़ानें,उदाने,False
udano,उड़ानों,उदानों,False
utane,उतने,उतने,True
uttar,उत्तरा,उत्तर,False
untee,उनतीस,अंटीन,False
uniya,उनियाल,यूनियम,False
upnet,उपनेता,उपनेट्,False
ubunt,उबंटू,उूूती,False
ubhar,उभारा,उभरी,False
uthe,उठें,उठें,True
udaa,उड़ान,उदान,False
udan,उड़ाना,उड़ने,False
udan,उड़ाने,उड़ने,False
utan,उतने,उतनन,False
uttr,उत्तरा,उत्तर,False
utpa,उत्पन,उत्पा,False
udan,उदंत,उड़ने,False
ubaa,उबाल,उबाद,False
umes,उमेश,उमसे,False
ulat,उलटे,उलाता,False
uda,उड़ान,उडान,False
utn,उतने,उतना,False
uda,उदर,उडान,False
uda,उदा,उडान,False
uba,उबाल,ऊबड़,False
urf,उर्फ,यरफी,False
urf,उर्फ,यरफी,False
ult,उलटे,उल्टा,False
ud,उदा,उड़ा,False
ur,उर्फ,ऊूर,False
endometria,एंडोमेट्रियल,एंडोमेट्रियन,False
rishicoo,ऋषिकुल,ऋषशकुं,False
rishiku,ऋषिकुल,ऋषिकुत,False
rushiku,ऋषिकुल,ऋषिकुत,False
ulahan,उलाहना,उलाहनन,False
ulemao,उलेमाओं,उल्मानं,False
andrea,एंड्रियास,एंड्रे,False
eksaat,एकसाथ,एकसात,False
emeral,एमरल्ड,एमराल,False
eyarav,एयरवे,एयरवी,False
ulahn,उलाहना,उलहनन,False
usmei,उसमें,उस्ें,False
ustar,उस्तरा,उस्तर,False
udhar,ऊर्ध्व,उधरर,False
udhrv,ऊर्ध्व,उद्धवा,False
urdha,ऊर्ध्व,ऊर्धन,False
enzym,एंजाइम,एंज्यमम,False
enton,एंटोन,एंटोन,True
anton,एंटोनी,अंटोनी,False
anton,एंटोनी,अंटोनी,False
eksat,एकसाथ,एकस्त,False
egmor,एगमोर,इजमोर,False
agend,एजेंडे,एजेंडा,False
abbot,एबट,एब्ब,False
abbot,एबोट,एब्ब,False
emral,एमरल्ड,एमरेली,False
airwa,एयरवे,एयरवन,False
ulem,उलेमा,उल्मा,False
usak,उसकी,उसको,False
usme,उसमें,उस्मं,False
ushm,ऊष्मा,उष्म,False
anto,एंटोन,एंटन,False
ekak,एकाकी,एक्की,False
egmo,एगमोर,इजममन,False
adai,एडेन,अदैर,False
eddi,एड्डी,एडडडि,False
abbo,एबोट,एब्बो,False
mtak,एमटेक,मटकक,False
mtec,एमटेक,मेटेस,False
emil,एमिल,एमिला,False
emil,एमिल,एमिला,False
usa,उसक,उसर,False
usk,उसकी,उसको,False
ade,एडेन,एदे,False
eda,एडेन,एडन,False
add,एड्डी,अद्द,False
edd,एड्डी,एड्ड,False
edd,एड्डी,एड्ड,False
fti,एफटीआईआई,फ्टि,False
abu,एबट,अबूल,False
abv,एबीवीपी,अबवा,False
mte,एमटेक,मेटर,False
emi,एमिल,एमिन,False
us,उसी,उूएएए,False
al,एएलएस,अला,False
as,एएसआई,एस,False
ad,एडीपी,अद्,False
ap,एपीजे,एप्,False
eb,एबट,ईबीसी,False
mt,एमटीए,एमटीएी,False
am,एमी,एम्,False
em,एमी,एम्स,False
x,एक्सएम,एकससएी,False
a,एजे,एब,False
associatio,एसोसिएशन,एसोसिएशन,True
eliminato,एलिमिनेटर,एलिमिनेटर,True
aesthetic,एस्थेटिक,एस्ट्ट्चिक्स,False
olavrisht,ओलावृष्टि,ओल्वृष्ट,False
okalahom,ओकलाहोमा,ओकललोिम,False
aerobic,एरोबिक,एयरबििकस,False
allergi,एलर्जिक,अलर्जीि,False
allianc,एलियंस,एलांंस,False
astheti,एस्थेटिक,अस्थेतीय,False
asphaul,एस्फाल्ट,असफफलल,False
offshor,ऑफशोर,ऑफ्सोरट,False
officia,ऑफिशियल,ऑफिसििन,False
oklahom,ओकलाहोमा,ऑकोलहोम,False
oklahom,ओक्लाहोमा,ऑकोलहोम,False
aerobi,एरोबिक,एयरबिन,False
asphal,एस्फाल्ट,अस्फाल,False
ainthe,ऐंठे,ऐंठर,False
offsho,ऑफशोर,ऑफ्सट,False
obraya,ओब्रायन,ओब्रायन,True
oceani,ओशनिक,ऑकेनिक,False
eyarv,एयरवे,एयरव्स,False
alien,एलियंस,एलीयंग,False
asfal,एस्फाल्ट,असफफल,False
ahsaa,एहसास,अहसान,False
ehsaa,एहसास,एहसान,False
aitha,ऐठन,ऐंठन,False
ethha,ऐठन,इठठन,False
offer,ऑफर्स,ऑफरर,False
obrie,ओब्रायन,ऑब्रिन,False
erro,एरर,एररनन,False
aric,एरिका,आरिच,False
eric,एरिका,एरिक,False
erik,एरिका,एरिक,False
asia,एशियन,एशिया,False
asta,एस्टर,अस्तर,False
aste,एस्टर,एस्टर,True
este,एस्टर,एस्टर,True
ehsa,एहसास,एहसान,False
aint,ऐंठ,एंटी,False
enth,ऐंठे,ऐंठी,False
etha,ऐठन,इथान,False
alap,ऐल्प्स,अलापा,False
oxid,ऑक्साइड,ऑक्सीइड,False
oria,ओरियन,ओरियन,True
orio,ओरियन,ओरियन,True
ais,एेसा,ऐस,False
ees,एेसा,इश,False
ent,ऐंठ,एंट्,False
alp,ऐल्प्स,अल्पा,False
ais,ऐसे,ऐस,False
ope,ओपेल,ओपेन,False
ora,ओरण,ओरा,False
ovu,ओवम,ओवर,False
owe,ओवम,ओवर,False
lt,एलटीई,एलटीएी,False
lt,एलटीई,एलटीएी,False
sf,एसएफसी,एसएीआी,False
sp,एसपीएफ,ए्पीपी,False
en,ऐंठ,एंड,False
ai,ऐल,ऐं,False
ox,ऑक्सी,ऑक्स,False
s,एसके,एस,False
e,ऐल,इक,False
o,ओत,आन,False
audyogikikara,औद्योगिकरण,औद्गोयिकिण,False
audhyogikara,औद्योगिकरण,औद्योयिरणण,False
audyogikaran,औद्योगिकरण,औद्गियेररणं,False
contemporar,कंटेम्पररी,कंट्मेररर््,False
kanishthika,कनिष्ठिका,कनिश्ठिता,False
kapolkalpan,कपोलकल्पना,कपोपललपनन,False
conjunctio,कंजंक्शन,कंजबे््नन,False
kanishthik,कनिष्ठिका,कनिश्ठित,False
convocatio,कन्वोकेशन,कनोक्शशन,False
aurangaba,औरंगाबाद,औरंंगार,False
consultan,कंसलटेंट,कंसलटलेट,False
kathfodav,कठफोड़वे,कथोददवी,False
conventio,कनवेंशन,कननवेनन,False
kanishtik,कनिष्ठिका,कनिष्ठित,False
conventio,कन्वेंशन,कननवेनन,False
kanthaha,कंठहार,कंठनहन,False
katasara,कटासराज,कटासरर,False
kathfodv,कठफोड़वे,कथ़ूद्व,False
kanindha,कनिंघम,कािंदन,False
kaningha,कनिंघम,कािंघम,False
kanyaaye,कन्याएं,कन्याएं,True
auchity,औचित्य,औचित्य,True
kanthha,कंठहार,कंथन,False
compose,कंपोजर,कंपरस,False
kambalo,कंबलों,कंबबों,False
katthai,कत्थई,कट्थान,False
kanyaei,कन्याएं,कन्याएं,True
kanyaye,कन्याएं,कन्यायं,False
auchit,औचित्य,ऑचित्र,False
kanblo,कंबलों,कांबो,False
kachch,कच्चे,कच्ची,False
cutler,कटलरी,कटटर्स,False
katlar,कटलरी,कटलार,False
katlar,कटलरी,कटलार,False
kathor,कठोर,कथोरी,False
kattha,कत्थई,कट्था,False
kabadd,कबड्डी,कबादडी,False
auror,औरोरा,औररो,False
aulak,औलख,औलाक,False
kanka,कंकड़,कंकार,False
kanka,कंकड़,कंकार,False
kanka,कंकर,कंकार,False
kanka,कंकर,कंकार,False
kanga,कंगन,कंगल,False
kakka,कक्कड़,कक्का,False
kakka,कक्कड़,कक्का,False
kacch,कच्चे,कच्चे,True
katho,कठोर,कथों,False
kanik,कणिका,काीिका,False
katha,कत्थई,कथन,False
canal,कनाल,कनाली,False
kanaa,कनाल,कनान,False
kapdo,कपड़ो,कपडडों,False
kapin,कपिंग,कपीिंग,False
osak,ओसाका,ओसेक,False
kart,कटरा,करती,False
katr,कटरा,कटरी,False
kana,कनाल,कनान,False
kapd,कपड़ा,कपड़ी,False
kpad,कपड़ा,कपाड़ी,False
kapd,कपड़ो,कपड़ी,False
kpin,कपिंग,क्पिंग,False
cu,कप,कन,False
ka,कप,का,False
kavvaliyo,कव्वालियों,कवववलियों,False
qawwaliyo,कव्वालियों,कववावालिों,False
kalamjee,कमलजीत,कलमजीर,False
kamaljee,कमलजीत,कममबीन,False
karanjiy,करंजिया,करणजजी,False
karachan,करछना,कराचना,False
karchhan,करछना,कर्चाा,False
karnatak,कर्नाटका,कर्णताक,False
kalpanao,कल्पनाओं,कल्पनाओं,True
kahaniyo,कहानियों,कहानियों,True
karpatr,करपात्री,करपत्र,False
kalpnao,कल्पनाओं,कल्पनाओं,True
kamata,कमतर,कमातर,False
kamaau,कमाऊ,कमाओं,False
kamaat,कमाते,कमाती,False
kalmei,कलमें,काममें,False
kavval,कव्वाली,कववावी,False
qawwal,कव्वाली,कववावा,False
kashto,कष्टों,काषटटं,False
kasara,कसरत,कसराा,False
kahlay,कहलाया,कहलाया,True
kabre,कब्रें,कबरेे,False
kabro,कब्रों,कबबों,False
kamjo,कमज़ोर,कमजोो,False
kamzo,कमज़ोर,कमजोो,False
kamta,कमतर,कममतर,False
kamat,कमाते,कमतत,False
kamer,कमेरे,कमेरी,False
karan,करंज,करान,False
kardh,करघे,कर्डा,False
kargh,करघे,कारघा,False
karoo,करूर,करूप,False
kalme,कलमें,काममें,False
kalra,कलराज,कलररम,False
kalik,कलिका,कालिी,False
kasra,कसरत,कसराज,False
kasar,कसारा,कसरी,False
kasid,कसीदा,कसीदा,True
kahan,कहने,कहान,False
kaaga,कागज़,कागज,False
kaaga,कागज़,कागज,False
kabr,कब्र,कबबर,False
kama,कमाऊ,कमाा,False
kmer,कमेरे,कमेरी,False
kran,करंज,क्रंं,False
karn,करना,करनन,False
kara,करम,कराण,False
karu,करूर,कररप,False
karv,कर्वी,करव्,False
kurv,कर्वी,कुर्वा,False
kahn,कहने,कहना,False
kanj,कांजी,काजज,False
kant,कांति,कंंु,False
kako,काकू,काों,False
kaga,कागज़,काग़,False
kaga,कागज़,काग़,False
kaaj,काजी,काजी,True
kab,कब्र,काब,False
kil,क़िले,किला,False
can,कांट,केंड,False
kan,कांट,कां,False
kak,काकू,काक,False
kaj,काजी,काज,False
kaz,काजी,काजी,True
karyakartao,कार्यकर्ताओं,कार्यक्रताओ,False
karykartaao,कार्यकर्ताओं,कार्यक्रपाओं,False
kamottejan,कामोत्तेजना,कमोत्ीजंज,False
karykartao,कार्यकर्ताओं,कार्यक्रताओ,False
kusumalata,कुसुमलता,कुसुमनाता,False
kamottejn,कामोत्तेजना,कममत््जंज,False
kundaliya,कुंडलियाँ,कुंडलियां,False
karyabha,कार्यभार,कार्यभा,False
kasimaba,कासिमाबाद,कससीाबाद,False
kundaliy,कुंडलियाँ,कुंडलिया,False
kusumalt,कुसुमलता,कुसुलमता,False
kusumlat,कुसुमलता,कुसुलीता,False
karybha,कार्यभार,कार्यभा,False
karyara,कार्यरत,कार्यराण,False
kaligha,कालीघाट,कालीघट,False
kaldwel,काल्डवेल,का्दववल,False
kiratpu,कीरतपुर,कीरापुर,False
kuposhi,कुपोषित,कुपोषित,True
kursiyo,कुर्सियों,कर्सिययो,False
kailan,कायलाना,कैलनी,False
kaylan,कायलाना,कायलंं,False
karyra,कार्यरत,कार्यार,False
coldve,काल्डवेल,कोलडवर,False
kaldve,काल्डवेल,कालद्ेव,False
kiliya,किलियन,कीलिया,False
kisaan,किसानी,किसननी,False
kisano,किसानों,किसनों,False
keynot,कीनोट,कीनोट,True
kumava,कुमावत,कुमावन,False
kumawa,कुमावत,कुमावर,False
kushaa,कुषाण,कुशान,False
kapad,कापड़ी,कपडड़,False
kamra,कामराज,कमरा,False
karti,कार्तिक,कार्टिन,False
kaalp,कालपी,कालपी,True
kalap,कालपी,कलापी,False
kalik,कालिका,कालिी,False
kaash,काश्त,काशी,False
killa,किल्लत,किल्म,False
kisan,किसानी,किसनी,False
kinot,कीनोट,किनोटी,False
kunda,कुंडल,कुंदन,False
kusha,कुषाण,कुशल,False
kajo,काजू,काजो,False
kapd,कापड़ी,कपड़ी,False
carf,कार्की,कार्ी,False
kark,कार्की,करक्,False
kalp,कालपी,कल्पी,False
kash,काश्त,काशी,False
kasi,कासिम,कससि,False
qasi,कासिम,कससि,False
kill,किल्ली,किल्स,False
keed,कीड़े,कीड़ी,False
kutt,कुत्ता,कुट्टे,False
kuma,कुमाऊ,कुमान,False
kura,कुराल,कुरान,False
kurm,कुर्मी,कुरम,False
qaz,काजी,काजी,True
kaj,काजू,काज,False
kaa,काव,कान,False
kiy,किया,किय,False
kid,कीड़े,कीड़ी,False
kus,कुश,कुश,True
ka,काव,का,False
kaetholiko,कैथोलिकों,कैथोलिकों,True
canterbar,कैंटरबरी,कंटररबर्,False
canterbur,कैंटरबरी,कंट्रबर,False
catholico,कैथोलिकों,कैथलोिको,False
kaushalat,कौशलता,कौशलता,True
cricketin,क्रिकेटिंग,क्रिकिटिंग,False
candidat,कैंडिडेट,कंडडडतात,False
capacito,कैपेसिटर,कैपेटिनं,False
kaivelar,कैवेलरी,कैवेवारी,False
kaushalt,कौशलता,कौशलता,True
kaushamb,कौशाम्बी,कौशंब,False
krantiyo,क्रांतियों,क्रांतियों,True
crickete,क्रिकेटर,क्रिकीटर,False
christia,क्रिश्चयन,क्रिस्टियन,False
catelin,कैटलिन,कैटलिंग,False
catholi,कैथोलिक,कैथलिक,False
corrido,कोरिडोर,कॉरिडो,False
colorad,कोलोराडो,कोरेडा,False
kolorad,कोलोराडो,कोलोरड़,False
kriyayo,क्रियायोग,क्रियायों,False
kritik,कृतिका,कृतिका,True
katrin,कैटरीना,कार्िंग,False
caitly,कैटलिन,कैटल्य,False
cadmiu,कैडमियम,कैडमियम,True
cavalr,कैवेलरी,कववारी,False
comple,कॉम्प्लेक्स,कंप्ल,False
coroll,कोरोला,कोर्ला,False
callin,कोलिंग,कैलिंग,False
kausha,कौशल,कौषन,False
cricke,क्रिकेट,क्रिकर,False
classe,क्लासें,क्लासेन,False
classo,क्लासों,क्लासन,False
catli,कैटलिन,कैटलिन,True
cavit,कैविटी,कवविट,False
kocch,कोच्चि,कोची,False
korol,कोरोला,कोरोली,False
caola,कोलन,कॉलन,False
kolin,कोलिंग,कोलिंग,True
cubec,क्यूबेक,कुबेस,False
quebe,क्यूबेक,क्वेबे,False
kruge,क्रूगर,क्रूजर,False
cradl,क्रैडल,क्राडल,False
chrom,क्रोम,क्रोम,True
clien,क्लांइट,क्लाइं,False
clase,क्लासें,क्लासन,False
clari,क्लेरिस,क्लारिन,False
cara,कैरेट,कररन,False
koch,कोच्चि,कोची,False
cola,कोलन,कोलन,True
colo,कोलन,कोलो,False
quet,क्यूट,क्वेटी,False
cube,क्यूब्स,क्बर,False
cric,क्रिक,क्राक,False
crai,क्रेग,क्रेन,False
chro,क्रोम,क्रो,False
cloc,क्लाक,क्लॉक,False
koo,कूट,कून,False
cut,क्यूट,कटटी,False
cub,क्यूब,कुबी,False
cri,क्रिक,क्रिज,False
cre,क्रेग,क्रे,False
cla,क्ले,क्ला,False
ku,कूट,कुद,False
kp,केपीओ,कीपीएी,False
khachakhac,खचाखच,खचचचचच,False
khanikarm,खनिकर्म,खानीर्म,False
khanikarm,खनिकर्म,खानीर्म,False
khinchaka,खिंचकर,खींचारर,False
khajaran,खजराना,खजररन,False
khajraan,खजराना,खजरानी,False
khatakat,खटकती,खटकते,False
kihatkat,खटकती,कीहक्तता,False
khattapa,खट्टापन,खट्टापन,True
khanikar,खनिकर्म,खानीकरी,False
khalnaya,खलनायक,खलनाया,False
khaastau,ख़ासतौर,खासतौर,False
khinchka,खिंचकर,खींचकर,False
khinchka,खींचकर,खींचकर,True
khushiya,खुशियां,खुशिया,False
gangaaja,गंगाजल,गंगाजा,False
quantic,क्वांटिको,क्वांििि,False
kshetro,क्षेत्रों,क्षेत्रों,True
khajran,खजराना,खजरने,False
khatakt,खटकती,खटकते,False
khaaska,ख़ासकर,खासकर,False
khastau,ख़ासतौर,खससतौर,False
khurapk,खुरपका,खुरप़क,False
khurpak,खुरपका,खुपप़क,False
khurasa,खुरासान,खुरससन,False
khairat,खैराती,खैरती,False
khoikho,खोईखोई,खोइखों,False
gangaja,गंगाजल,गंगाल,False
kshiti,क्षितिज,क्षिटिक,False
shetro,क्षेत्रों,क्षेत्ोो,False
khariy,खरिया,खरीया,False
khaska,ख़ासकर,खासकर,False
khaiba,ख़ैबर,खैबब,False
khaate,खाते,खाते,True
khilan,खिलाना,खिलने,False
gangre,गंगरेल,गंग्रे,False
gandak,गंडकी,गंडाके,False
cleri,क्लेरिस,क्ल्रिन,False
clery,क्लेरिस,क्लरया,False
queen,क्वींस,क्वीना,False
shiti,क्षितिज,शीतित,False
khand,खंडा,खंंी,False
khani,खनिक,खानि,False
khapa,खपत,खपार,False
khybe,ख़ैबर,खाबरे,False
khaei,खाएं,खाएं,True
khaye,खाएं,खाएं,True
khaat,खाते,खाती,False
khuda,खुदाई,खुदन,False
khain,खैनी,खैनी,True
gandk,गंडकी,गंंक़े,False
gandh,गंध,गांी,False
kshi,क्षीण,क्षित,False
khan,खंडा,खान,False
khan,खनि,खान,False
khae,खाएं,खाई,False
khat,खाते,खाता,False
khud,खुदा,खुदी,False
khen,खेने,खेना,False
khoy,खोया,खोईा,False
gand,गंध,गंदी,False
shi,क्षीण,शित,False
kha,खत,खा,False
kha,खाल,खा,False
girijagharo,गिरजाघरों,गिरिजारों,False
gatishilat,गतिशीलता,गतिश्लता,False
girjagharo,गिरजाघरों,गिरजागरों,False
gahmagahm,गहमागहमी,गहममगमम,False
gemhagehm,गहमागहमी,गेमहामममी,False
girijagha,गिरजाघर,गिरिजाघट,False
guthalida,गुठलीदार,गुठलिदार,False
gatishee,गतिशील,गतिशीन,False
gidgidat,गिड़गिड़ाते,गिज़िड़ता,False
girjagha,गिरजाघर,गिरजाघट,False
gthalida,गुठलीदार,गठललाडार,False
grihnaga,गृहनगर,गृहणणत,False
gruhnaga,गृहनगर,गृणणगर,False
ganapat,गणपति,गणपति,True
gatishi,गतिशील,गतिशिय,False
gadadha,गदाधर,गड़ढा,False
gujarat,गुजारता,गुजराती,False
gujarat,गुजारते,गुजराती,False
gujaran,गुजारना,गुजरने,False
ganpat,गणपति,गणपती,False
garjan,गर्जना,गरजजन,False
galgan,गलगंड,गललगन,False
gangul,गांगुली,गंगुली,False
gaanth,गांठे,गांथी,False
ganthe,गांठें,गंंे,False
gantho,गांठों,गंंों,False
gajipu,गाजीपुर,गाजीीु,False
gazipu,गाजीपुर,गाज़ीपु,False
gayatr,गायत्री,गययतरी,False
gayitr,गायत्री,गायततर,False
gujart,गुजारता,गुजरती,False
gujart,गुजारते,गुजरती,False
gujarn,गुजारना,गुजरने,False
gulsha,गुलशन,गुलशा,False
gajar,गजरा,गजजर,False
gadka,गडकर,गड़कर,False
gamma,गम्मत,गममम,False
garib,गरीबी,ग्रीी,False
gaant,गांठ,गांते,False
ganth,गांठे,गंथे,False
gaytr,गायत्री,गात्र,False
ginat,गिनते,गिनती,False
girka,गिरकर,गिरकर,True
girat,गिरती,गिरती,True
giris,गिरीश,गिरिश,False
gujar,गुजारा,गुजरे,False
gujar,गुजारे,गुजरे,False
gumaa,गुमान,गुमार,False
gajr,गजरा,गजरी,False
gant,गांठ,गंते,False
gaye,गाएं,गायर,False
gint,गिनते,गिंती,False
girt,गिरती,गिरती,True
guja,गुजार,गुजल,False
gutt,गुट्टा,गुट्ट,False
gudn,गुदना,गुडने,False
guma,गुमान,गुमा,False
gung,गूंगा,गूंग,False
gay,गए,गाया,False
gay,गया,गाया,False
gae,गाएं,गायं,False
gaz,गाज़ी,गाज़,False
gua,गुआन,ग्आ,False
ga,गए,गा,False
ghummakkado,घुमक्कड़ों,घुममककादों,False
granthiyaa,ग्रंथियां,ग्रंतियां,False
ghumakkado,घुमक्कड़ों,घुमकककांों,False
ghumakkaro,घुमक्कड़ों,घुमक्कारों,False
chandrabal,चंद्रबली,चंद्रबाली,False
granthiya,ग्रंथियां,ग्रंथियां,True
grandhiyo,ग्रंथियों,ग्रणधियों,False
granthiyo,ग्रंथियों,ग्रंतियों,False
ghumakkad,घुमक्कड़ी,घुमककका,False
ghumakkdo,घुमक्कड़ों,घुमकककों,False
galaxiyo,गैलेक्सियों,गललक्ििों,False
gopichan,गोपीचंद,गोपीचंड,False
ghataato,घटाटोप,घटातों,False
ghataaya,घटाया,घटाया,True
ghabraha,घबराहट,घब्रहा,False
ghumakkd,घुमक्कड़ी,घुमकक्ा,False
galaxio,गैलेक्सियों,गैलक्ियो,False
galaxyo,गैलेक्सियों,गालक््यो,False
gosvaam,गोस्वामी,गोस्वममी,False
gaumutr,गौमूत्र,गौमुत्र,False
gowmutr,गौमूत्र,गोमुत्र,False
grandso,ग्रैंडसन,ग्रंडसनन,False
ghatato,घटाटोप,घटततों,False
ghanaka,घनाकार,घनककर,False
ghontan,घोंटने,घोंटने,True
chandan,चंदन,चंंदनी,False
goucha,गोचर,गौचा,False
gosvam,गोस्वामी,गोस्वमी,False
goswam,गोस्वामी,गोस्वमी,False
gaumuk,गौमुख,गौमुक्त,False
gaumut,गौमूत्र,गौमुट्,False
granit,ग्रेनाइट,ग्रेनिटी,False
grenit,ग्रेनाइट,ग्रेनिटी,False
ghatay,घटाया,घटाया,True
ghumaa,घुमाण,घुमान,False
ghoons,घूंसा,घूंसे,False
ghongh,घोंघा,घोंघे,False
ghontn,घोंटने,घोंटने,True
changu,चंगुल,चंगुर,False
chanda,चंदन,चंंन,False
chando,चंदों,चंंों,False
gocha,गोचर,गोचन,False
godar,गोदारा,गोडारी,False
gomak,गोमके,गोमकी,False
gomuk,गौमुख,गोमुख,False
grees,ग्रीस्ट,ग्रेस,False
greis,ग्रीस्ट,ग्रेस,False
ghisa,घिसाई,घीसन,False
ghuma,घुमाण,घुमान,False
ghuns,घूंसा,घुंसे,False
chand,चंदू,चंंी,False
gomk,गोमके,गोमका,False
goya,गोयल,गोया,False
gris,ग्रीस्ट,ग्रिस,False
gros,ग्रॉस,ग्रोस,False
ghas,घासी,घसस,False
ghis,घिसी,घिसा,False
ghis,घिसे,घिसा,False
ghod,घोड़ी,घोड़ा,False
ghos,घोस्ट,घोष,False
chan,चंद,चनं,False
goe,गोयल,गोज,False
gre,ग्रेग,ग्रेड,False
gho,घोट,घोल,False
chatunshkoni,चतुष्कोणीय,चतुंं्णिणी,False
chatushkoniy,चतुष्कोणीय,चतुूक्णीय,False
chatushkoni,चतुष्कोणीय,चतु्शोणिय,False
chidchidapa,चिडचिडापन,चिड़चचडप़ा,False
chidchidapa,चिड़चिड़ापन,चिड़चचडप़ा,False
chandramao,चंद्रमाओं,चंद्रमाओ,False
chikitsako,चिकित्सकों,चिकित्सकों,True
chatagao,चटगांव,चटााओं,False
chaturdi,चतुर्दिक,चतुर्दीन,False
chabutar,चबूतरे,चुुतरी,False
charchao,चर्चाओं,चर्चाओ,False
chahunau,चहुंओर,चाुनौआ,False
chikitsa,चिकित्सक,चिकित्सा,False
chithrka,चित्रकार,चित्रकार,True
chipakan,चिपकने,चिपकने,True
chakatt,चकत्ते,चकतता,False
chatgao,चटगांव,चटटाओं,False
chadhan,चढ़ने,चढ़ने,True
chabutr,चबूतरे,चाबत्र,False
chamakn,चमकना,चमकने,False
chamkan,चमकना,चमकनन,False
chaleng,चलेंगे,चलेंगे,True
chahuno,चहुंओर,चाहनों,False
chachaj,चाचाजी,चच़जी,False
chadaro,चादरों,चददरो,False
chaplus,चापलूसी,चैलुस,False
chikhal,चिखली,चिखली,True
chithth,चिट्ठी,चित्ठा,False
chithth,चिठ्ठी,चित्ठा,False
chidhat,चिढ़ते,चिध़ता,False
chitrka,चित्रकार,चित्रकार,True
chipakn,चिपकने,चिपकने,True
chipkan,चिपकने,चिपकने,True
chaktt,चकत्ते,चक्तता,False
chakka,चक्कर,चक्कर,True
chaksh,चक्षु,चक्षी,False
chadhn,चढ़ने,चढ़ने,True
chabat,चबाते,चााते,False
charch,चर्चा,चर्चा,True
church,चर्चा,चर्च,False
chleng,चलेंगे,च्लेंग,False
chanva,चांवल,चंनव,False
chanwa,चांवल,चंवर,False
chadro,चादरों,चडदरों,False
charto,चार्टों,चार्टन,False
chaali,चालित,चालि,False
chitth,चिट्ठी,चिट्ठा,False
chithh,चिठ्ठी,चित्ा,False
chitth,चिठ्ठी,चिट्ठा,False
chidht,चिढ़ते,चिढ़ता,False
chkka,चक्कर,चक्कर,True
chann,चन्ना,चन्ना,True
chara,चरस,चराण,False
chari,चरित,चररि,False
chada,चादर,चड़न,False
chana,चानन,चनाक,False
chaya,चायल,चयनन,False
charo,चारों,चरों,False
charg,चार्ज,चार्,False
chart,चार्ट्स,चरती,False
chali,चालित,चलिि,False
char,चार्ट,चरर,False
cha,चान,चा,False
cha,चार,चा,False
championshi,चैंपियनशिप,चैंपशिहि,False
chaudahava,चौदहवां,चौदहवान,False
chhaapemaa,छापेमार,छापीमार,False
chaudhava,चौदहवां,चौधवान,False
chaudhawa,चौदहवां,चौधवार,False
chausingh,चौसिंगा,चौसिंह,False
chhaviyaa,छवियाँ,छािियां,False
chaukiya,चौकियां,चौकियां,True
chaukhat,चौखटे,चौखते,False
chausing,चौसिंगा,चौसिंह,False
chhaviya,छवियाँ,छावियाँ,False
chhapema,छापेमार,छपपमन,False
chhudaan,छुडाने,छुड़ाने,False
chillan,चिल्लाने,चिलंंड,False
chaugun,चौगुनी,चौगुना,False
chaupat,चौपाटी,चौपते,False
chhalla,छल्ला,छल्ला,True
chenkei,छींके,चेंकें,False
chhekei,छींके,छेकें,False
chhudan,छुडाने,छुड़नन,False
chimat,चिमटी,चिमता,False
change,चेंज्ड,चंगे,False
chenna,चेन्नई,चेनना,False
chauda,चौड़ा,चौदल,False
chupat,चौपाटी,छुपते,False
chaupa,चौपाल,चौपान,False
chaura,चौरई,चौरा,False
chhaga,छगन,छााा,False
chhall,छल्ला,छल्ली,False
chhaho,छहों,छाों,False
chhagl,छागला,छललल,False
chhaja,छाजन,छज़न,False
chhaat,छाती,छाती,True
chheen,छींक,छीनी,False
chhink,छींके,छींकी,False
chhink,छींके,छींकी,False
chimt,चिमटी,चिमता,False
chuna,चूनर,चुना,False
chett,चेट्टी,चेट्टी,True
choro,चोरों,चोरों,True
chauk,चौका,चौक,False
chauk,चौकी,चौक,False
chaud,चौड़ा,चौड़ी,False
chhab,छबि,छाब,False
chhav,छवी,छावी,False
cheho,छहों,चेहों,False
chhat,छाती,छठाी,False
chhin,छींक,छीनी,False
chink,छींके,चींका,False
chuk,चुका,चूका,False
chun,चुने,चूना,False
cher,चेरो,चेरी,False
ches,चेस्ट,चेस,False
chor,चोरों,चोर,False
chau,चौक,चौर,False
chow,चौक,चौज,False
chuk,चौका,चूका,False
chha,छह,छड,False
chha,छाई,छड,False
chin,छींक,चींन,False
che,ची,चेन,False
cho,चोर,चोट,False
che,छह,चेन,False
ch,ची,चू,False
janaganana,जनगणना,जननाना,False
chhetthar,छेत्री,छेत्तार,False
janajagra,जनजागरण,जनजजगरर,False
janjaagra,जनजागरण,जनजागरर,False
chhupaka,छुपकर,छुपाकर,False
chhootan,छूटने,छुटना,False
chhetthr,छेत्री,छेत्तरर,False
janagann,जनगणना,जननानन,False
jangadna,जनगणना,जंगंदार,False
janganan,जनगणना,जंगाना,False
janjagra,जनजागरण,जनजजगर,False
janahaan,जनहानि,जनहनाी,False
chhupka,छुपकर,छुपका,False
chhupat,छुपता,छुपते,False
chhupta,छुपता,छुट्टट,False
chhutan,छूटने,छुटना,False
chhette,छेत्र,छेट्टर,False
jagayeg,जगाएगा,जगाएगी,False
jaghaeg,जगाएगा,जााेगी,False
jgaayeg,जगाएगा,जगाएगी,False
jgayega,जगाएगा,जगाएगा,True
jangann,जनगणना,जागगना,False
janahan,जनहानि,जनहना,False
janhaan,जनहानि,जनहननी,False
chhupk,छुपकर,छुपके,False
chhupt,छुपता,छुपते,False
chhura,छुरा,छुरा,True
chhure,छुरी,छुरे,False
chhutn,छूटने,छुटना,False
chhete,छेत्र,छेते,False
chhetr,छेत्री,छेत्र,False
jagaeg,जगाएगा,जगाएगी,False
jadeit,जड़ित,जडदेता,False
jataat,जताती,जताते,False
jatate,जताती,जटात,False
januar,जनवरी,जननूरी,False
janhan,जनहानि,जनहहाी,False
jnhaan,जनहानि,जनहनान,False
jamaat,जमाती,जमाते,False
jamaat,जमाती,जमाते,False
jamaay,जमाया,जमाए,False
jamaey,जमाया,जमाए,False
jamaya,जमाया,जमाया,True
chhur,छुरा,छुरी,False
chhur,छुरी,छुरी,True
chhur,छुरे,छुरी,False
chhet,छेत्र,छेती,False
jajao,जजों,जजााओ,False
jaddi,जड़ित,जड्दी,False
jadei,जड़ें,जडदें,False
jatar,जतरा,जतारे,False
jatat,जताती,जताते,False
jamat,जमाती,जमतत,False
jamay,जमाया,जमाए,False
chha,छै,छा,False
jajo,जजों,जाजर,False
jade,जड़ित,जडदे,False
jadi,जड़ित,जादि,False
jade,जड़ें,जडदे,False
jatr,जतरा,जातर,False
cha,छै,चा,False
chh,छै,छु,False
jad,जड़,जड़ी,False
ja,जड़,जा,False
jayalalitha,जयललिता,जयलललित,False
jayalalita,जयललिता,जयललतत,False
jayalalit,जयललिता,जयलललतत,False
jaankaaro,जानकारों,जानकारों,True
jayadaya,जयदयाल,जययदान,False
jaylalit,जयललिता,जयलललित,False
jalbhara,जलभराव,जलभररा,False
jalbhraa,जलभराव,जलभररा,False
jaidaya,जयदयाल,जयदाय,False
jaydaya,जयदयाल,जययदान,False
jalagat,जलगति,जलागता,False
jalbhra,जलभराव,जलभरर,False
jalvaay,जलवायु,जलवाया,False
jamaana,ज़माना,जमानत,False
zamaana,ज़माना,जममनत,False
jaagrit,जागृति,जाग्ीत,False
jaatako,जातकों,जातकों,True
jaatiyo,जातियों,जातियों,True
jaibaa,जयबाण,जयबबा,False
jaybaa,जयबाण,जयबबल,False
jalgat,जलगति,जललते,False
jalvay,जलवायु,जलवाया,False
jalesa,जलेसर,जलेेन,False
jasmee,जसमीत,जस्ीी,False
jaljal,ज़लज़ले,जलजला,False
zalzal,ज़लज़ले,जल्जली,False
jaaunc,जाँच,जानच,False
jagrit,जागृति,जागीत,False
jagrut,जागृति,जागृत,False
jajama,जाजमऊ,जजमान,False
jajmau,जाजमऊ,जजममौ,False
jaatko,जातकों,जातकों,True
jatako,जातकों,जटाकों,False
jatiyo,जातियों,जातियों,True
jamua,जमुई,जमुुन,False
jamue,जमुई,जममएन,False
jaiba,जयबाण,जयबब,False
jarak,जरख,जराक,False
zarak,जरख,ज़ाका,False
jarda,जर्दा,जर्दन,False
jalgt,जलगति,जललते,False
jasmi,जसमीत,जस्ीि,False
jasse,जस्सी,जससे,False
jaman,ज़माना,जममने,False
zaman,ज़माना,ज़मान,False
jubaa,ज़ुबान,ज़ुान,False
jaanc,जाँच,जांच,False
jaunc,जाँच,जौंच,False
jajma,जाजमऊ,जजममन,False
jaata,जातक,जाता,False
jamu,जमुई,जामद,False
jard,जर्दा,जर्दा,True
zard,जर्दा,जर्दा,True
jalt,जलते,जलतत,False
jass,जस्सी,जस्स,False
juba,ज़ुबान,ज़ुब,False
zuba,ज़ुबान,ज़ुबन,False
janc,जाँच,जांच,False
jata,जातक,जटा,False
jaa,जात,जाग,False
ja,जय,जा,False
ja,जय,जा,False
ze,ज़ी,जेद,False
ja,जात,जा,False
jeevanshail,जीवनशैली,जीवनशाली,False
jivanshail,जीवनशैली,जीवनशशली,False
jeevniyaa,जीवनियां,जीवनीया,False
jivaniyaa,जीवनियां,जीवनिययं,False
jaankaro,जानकारों,जानकारों,True
jivaniya,जीवनियां,जीवनिययं,False
jankaro,जानकारों,जनककोरं,False
jivaniy,जीवनियां,जीवनीय,False
jeevraa,जीवराज,जीवराज,True
jeepne,जीपनी,जीपने,False
jeevan,जीवंत,जीवनी,False
jaana,जानम,जाना,False
jaayk,जायके,जायका,False
jaawa,जावर,जावन,False
genev,जिनीवा,जेनेवा,False
jenev,जिनीवा,जेनेवा,False
jiniv,जिनीवा,जिनिवा,False
jeeto,जीतोड़,जीतों,False
jeeno,जीनों,जीनों,True
jipan,जीपनी,जीपनी,True
jivan,जीवंत,जीवनी,False
jeeva,जीवन,जीवन,True
jeewa,जीवन,जीवा,False
jivra,जीवराज,जीवरा,False
judaa,जुड़ाई,जुडान,False
judaa,जुदाई,जुडान,False
jana,जानम,जनन,False
jayk,जायके,जायका,False
zawa,जावर,ज़ान,False
gine,जिनी,गिने,False
jine,जिनी,जिने,False
gyps,जिप्सी,जिप्स,False
jimm,जिम्मे,जिमीम,False
jito,जीतोड़,जीतों,False
jino,जीनों,जिनोन,False
jeey,जीयो,जीया,False
jeer,जीरा,जीरे,False
jiva,जीवन,जीवन,True
jiwa,जीवन,जीवा,False
jute,जुटी,जुटे,False
juda,जुड़ाई,जुदा,False
juda,जुड़ाई,जुदा,False
jin,जिंग,जींद,False
jee,जिन,जीप,False
jin,जिनी,जींद,False
jiy,जिया,जीया,False
gto,जीतोड़,गेटो,False
gto,जीतोड़,गेटो,False
jea,जीन,जीन,True
jee,जीन,जीप,False
jiy,जीयो,जीया,False
jir,जीरा,जीरी,False
juy,जुए,जुय,False
jut,जुटी,जूता,False
gi,जिन,गित,False
ji,जिन,जित,False
gi,जीआईसी,गित,False
gs,जीएसएम,जीएसएी,False
ji,जीन,जित,False
ji,जीयो,जित,False
ju,जुए,जू,False
ju,जुए,जू,False
g,जीआर,जी,False
g,जीएम,जी,False
julaaho,जुलाहों,जुलाहों,True
junagad,जूनागढ,जूनागढ,True
junagar,जूनागढ,जूनागी,False
generat,जेनरेट,जनरेट,False
gyatavy,ज्ञातव्य,ज्ञातव्य,True
junoon,जुनूनी,जूनूनी,False
julaho,जुलाहों,जुलाहों,True
jealou,जूलूस,जीलों,False
generi,जेनरिक,जेनेरिय,False
jenric,जेनरिक,जेन्रिक,False
genera,जेनरेट,जनरे,False
joggin,जॉगिंग,जोगिंग,False
johnso,जॉनसन,जॉनसस,False
jodiyo,जोड़ियों,जोड़ियो,False
jyotib,ज्योतिबा,ज्योतिभ,False
jvaaro,ज्वारों,ज्वारों,True
junoo,जुनून,जूनू,False
junun,जुनूनी,जुनुन,False
jubai,जुबेर,ज़ुबै,False
zubai,जुबेर,ज़ुैै,False
juraa,जुराब,जुरान,False
julmo,जुल्मों,जुल्मो,False
zulmo,जुल्मों,जुल्मो,False
junio,जूनियर,जूनिय,False
juloo,जूलूस,जुलूस,False
jenne,जेनर,जेने,False
jerem,जेरेमी,जेरेमा,False
gerom,जेरोम,जेरोमा,False
jerom,जेरोम,जेरोमी,False
jaino,जैनों,जैनों,True
jaspe,जैस्पर,जसपे,False
jocke,जोकि,जॉके,False
jokhi,जोखिम,जोखित,False
joddt,जोड़ता,जोड़ते,False
jorht,जोड़ता,जोड़ती,False
gyatv,ज्ञातव्य,ज्ञातवा,False
gyapi,ज्ञापित,ज्ञापित,True
jvaro,ज्वारों,ज्वारों,True
juda,जुदाई,जुडा,False
junu,जुनून,जुनु,False
jube,जुबेर,ज़ेब,False
jura,जुराब,जुरा,False
julu,जूलूस,जुलूस,False
jeth,जेठा,जेठे,False
jene,जेनी,जेने,False
jenn,जेनी,जेन्ी,False
jenn,जेनी,जेन्ी,False
jame,जेम्स,जमीर,False
jack,जैक्स,जैकक,False
jain,जैने,जैंा,False
jain,जैनों,जैंा,False
jerr,जैरी,जेरी,False
jodt,जोड़ता,जोड़ते,False
join,ज्वाइंट,जॉइंग,False
joo,जूड,जूम,False
jai,जैन,जेल,False
gen,जैने,गेंस,False
job,जॉब्स,जोब,False
jok,जोकि,जोक,False
jod,जोड़ो,जोड़,False
jau,जौं,जौन,False
jva,ज्वार,ज्वन,False
jwa,ज्वार,ज्वर,False
ju,जूड,जू,False
jhuthalan,झुठलाने,झूठनाने,False
tippanika,टिप्पणीकार,टिप्पणाकन,False
teekamgar,टीकमगढ़,टीकमगढ़,True
jeweller,ज्वेलर्स,ज्वेलरी,False
jhuthlan,झुठलाने,झूठनाने,False
tippnika,टिप्पणीकार,टिप्पणिका,False
tikamgar,टीकमगढ़,टिकंगऱ़,False
jhalakt,झलकती,झलकता,False
jhalkat,झलकती,झलकते,False
jhankan,झांकना,झंकनन,False
jhuthal,झुठला,झूठला,False
takarao,टकरावों,टकराओं,False
takravo,टकरावों,टक्रवों,False
jhankn,झांकना,झंकने,False
jheelo,झीलों,झीलों,True
jhuthl,झुठला,झूठला,False
tankaa,टंकार,टंकार,True
tapakt,टपकती,तपकते,False
tapkat,टपकती,तपपतत,False
tapoow,टापुओं,तापवे,False
tivole,टिवोली,टिवोलर,False
tensio,टेंशन,टेंसनन,False
tastin,टेस्टिंग,टास्िंग,False
testin,टेस्टिंग,टेस्टिंग,True
jwaro,ज्वारों,ज्वारों,True
jhall,झल्ला,झल्ली,False
jhilo,झीलों,झिलों,False
tanka,टंकार,टंकार,True
takar,टकरा,टकार,False
tapuo,टापुओं,तापुं,False
tapuw,टापुओं,तापवा,False
tivol,टिवोली,टिवोल्,False
teeko,टीकों,टीकों,True
tenni,टेनिस,तेनीन,False
taini,टैनिन,टैनिक,False
tanis,टैनिस,तानिश,False
tenni,टैनिस,तेनीन,False
taibo,टैबू,ताबबो,False
taoba,टैबू,ताबल,False
jhee,झील,झीन,False
takr,टकरा,टकरर,False
time,टाइमर,टाइमर,True
tire,टायर्ड,तारेन,False
tyre,टायर्ड,टायरनन,False
tarc,टार्च,टारच,False
torc,टार्च,टॉर्च,False
tiko,टीकों,टिकों,False
teni,टेनिस,तेनिक,False
tast,टेस्ट,टा्ते,False
teni,टैनिन,तेनिक,False
tabo,टैबू,ताबू,False
toni,टॉनिक,टोनिक,False
jhi,झील,झीर,False
tim,टाइम,टाइम,True
tao,टाऊ,ताओं,False
tie,टायर्ड,टायर,False
tea,टिप,टीन,False
tes,टेस्ट,टेस्ट,True
jh,झ,झू,False
ta,टाऊ,टा,False
ti,टिक,टान,False
ti,टिप,टान,False
tw,टु,ट्व,False
j,झ,जे,False
tuberkyulosi,ट्यूबरक्यूलोसिस,टुबररबानिसिन,False
tuberculosi,ट्यूबरक्यूलोसिस,टुबररसोलििि,False
trangisto,ट्रांजिस्टर,ट्रांजस्टन,False
tranjiste,ट्रांजिस्टर,ट्रांजस्टर,False
transisto,ट्रांजिस्टर,ट्रांसस्टरं,False
depthiriy,डिप्थीरिया,देप्टिरिया,False
diphtheri,डिप्थीरिया,दिप्थेरिय,False
dealershi,डीलरशिप,डेलरषिि,False
trubyuna,ट्रिब्यूनल,त्रिजुनान,False
transfe,ट्रान्सफर,ट्रांसफर,False
tribuna,ट्रिब्युनल,त्रिबुना,False
tribuna,ट्रिब्यूनल,त्रिबुना,False
thaharn,ठहरने,ठहरने,True
thahran,ठहरने,ठहरान,False
theharn,ठहरने,ठहरने,True
daravan,डरावनी,दरवानी,False
darawan,डरावनी,दरवानी,False
dinosau,डायनासोर,डिनोसस,False
tuesda,ट्यूजडे,तुयेसदन,False
troubl,ट्रेबल,ट्रॉल,False
thakka,ठक्कर,ठक्का,False
thikan,ठिकाने,ठिकाने,True
thumar,ठुमरी,थुमरर,False
theing,ठेंगा,थींगे,False
thenga,ठेंगा,ठेंगल,False
dougla,डगलस,डूगला,False
dabhar,डभरा,दाभरे,False
darate,डराते,डरते,False
dravan,डरावनी,द्रावनी,False
daboli,डाबोलिम,डबोलिन,False
diarie,डायरीज,डायरियन,False
dubaan,डुबाना,दुबनन,False
tunin,ट्यूनिंग,ट्यूनिग,False
trade,ट्रेडेड,ट्रेडर,False
traba,ट्रेबल,ट्राबन,False
treba,ट्रेबल,ट्रेबे,False
thakk,ठक्कर,थक्का,False
thumr,ठुमरी,थुमरा,False
theng,ठेंगा,ठेंगे,False
dagla,डगलस,दगला,False
dabhr,डभरा,दाभर,False
dabho,डभोई,दाभं,False
darat,डराते,डरतत,False
duban,डुबाना,दुबने,False
dubon,डुबोना,डूबंग,False
tong,टोंगा,टोंगे,False
truc,ट्रक,ट्रुक,False
trut,ट्रुथ,त्रुटि,False
trai,ट्रैप,ट्रेन,False
trot,ट्रॉट,ट्रॉट,True
tok,टोका,टोकी,False
tut,ट्रुथ,टूटू,False
tra,ट्रैप,ट्रेन,False
tro,ट्रॉट,ट्रो,False
dow,डाउन,डाव,False
daa,डाक,दान,False
dak,डाका,डेक,False
dab,डाबी,दबब,False
da,डम,दा,False
du,डम,दुल,False
da,डाक,दा,False
di,डिट,डिन,False
dv,डीवीसी,दीवी,False
d,डीई,दी,False
destinatio,डेस्टिनेशन,डिस्टेनेशन,False
doongarpu,डूंगरपुर,दूंगापुु,False
dhoondhat,ढूंढता,ढूंढता,True
tantrikao,तंत्रिकाओं,तंत्रिकाओ,False
doonarpu,डूंगरपुर,दूनारपर,False
dungarpu,डूंगरपुर,दुनग्रपु,False
dungerpu,डूंगरपुर,डुगर्ररप,False
dangerou,डेंजरस,डंगरर,False
dhundhat,ढूंढता,धूंढता,False
thanjavu,तंजावुर,ठंजावीर,False
tantrika,तंत्रिकाओं,तंत्रिाार,False
davidso,डेविडसन,द्विदसं,False
devidso,डेविडसन,दिविजससं,False
dhundht,ढूंढता,धूंढता,False
dhoondh,ढूंढी,ढूंध,False
tanjavu,तंजावुर,तंजावीर,False
tadipaa,तड़ीपार,ता़ीपान,False
domeni,डोमेनिक,डोमेनिक,True
dorand,डोरंडा,दोरंडी,False
dredge,ड्रेजर,ड्रेजर,True
dreije,ड्रेजर,ड्रेजर,True
dhakaa,ढकाल,धकार,False
dhakka,ढकाल,ढक्कर,False
dhoond,ढूंढ,धूंध,False
dhundh,ढूंढी,धूंध,False
tantro,तंत्रों,तंत्रों,True
tadipa,तड़ीपार,तादीपन,False
duban,डूबना,दुबने,False
deput,डेप्युटी,डिप्टी,False
datso,डैटसन,डा्टन,False
datsu,डैटसन,दा्तु,False
dolan,डोलने,डोलनी,False
drame,ड्रामे,ड्रेरं,False
drage,ड्रेजर,ड्रेजर,True
dhaka,ढकाल,ढकार,False
dhund,ढूंढ,धुंध,False
tantr,तंत्र,तंत्र,True
tantr,तंत्रों,तंत्र,False
tagad,तगड़े,तगड़ी,False
taraf,तरफा,ताराी,False
duln,डुलने,दूलना,False
dubn,डूबना,डूबने,False
dais,डेजी,दैश,False
dave,डेवी,डेवे,False
dewe,डेवी,देवर,False
dadd,डैडी,दद्द,False
doln,डोलने,डोलना,False
dram,ड्रामे,ड्रम,False
dhka,ढकाल,ढका,False
dhal,ढले,ढली,False
tant,तंत्र,टंंु,False
tagd,तगड़े,तगड़ी,False
tapa,तपन,तपाक,False
tarf,तरफा,तर्ा,False
daz,डेजी,दाज़,False
dej,डेजी,देज़,False
dev,डेवी,देवा,False
dar,डॉर्क,डरर,False
dor,डॉर्क,डोरी,False
dos,डोज,दोस,False
dua,ड्युअल,दुआ,False
dua,ड्यूक,दुआ,False
duk,ड्यूक,दुख,False
tan,तनी,ताग,False
tughlakaba,तुगलकाबाद,तुल्ाकबाद,False
tughlaqaba,तुगलकाबाद,तुल्ाबलाा,False
taapmaano,तापमानों,तापमणोो,False
tuglakaba,तुगलकाबाद,तुग्ाबाा,False
tarabgan,तरबगंज,ताराबंज,False
talabgaa,तलबगार,ताबागार,False
talbagaa,तलबगार,तलबागर,False
tahakhan,तहखाना,तहखनन,False
tahkhaan,तहखाना,तखखाने,False
tirthata,तीर्थाटन,तीर्थता,False
tarasha,तराशे,तररशन,False
tarkvaa,तर्कवाद,तरककवार,False
tarkwaa,तर्कवाद,तरक्वार,False
talabga,तलबगार,ताबागर,False
talbaga,तलबगार,तलबागर,False
tahkhan,तहखाना,तखखान,False
tapmano,तापमानों,ता्मनों,False
tirupat,तिरूपति,तिरुपता,False
tungnat,तुंगनाथ,तुंगनता,False
tugalak,तुगलकी,तुगलकक,False
taraas,तराश,तररस,False
tarash,तराशे,तररशश,False
tareek,तरीको,तररीी,False
tarkva,तर्कवाद,तरक्वार,False
talawo,तलवों,तलावों,False
taanta,तांता,तांता,True
tapman,तापमानों,ता्मनी,False
taraba,ताराबाई,तरााबा,False
tughla,तुगलक,तुगलान,False
tugalk,तुगलकी,तुगलक्,False
tuglak,तुगलकी,तुगलाका,False
taras,तराश,तररस,False
tarik,तरीको,तारीख,False
tarko,तर्कों,तरकों,False
talaw,तलवे,तलवव,False
talvo,तलवों,तलववं,False
taaja,ताजा,ताजक,False
tanse,तानसेन,टंसर,False
taapt,ताप्ती,तापते,False
tasee,तासीर,तसीम,False
tikon,तिकोने,टिकों,False
tiwar,तिवारी,तिवाड़ा,False
teero,तीरों,तीरों,True
tugla,तुगलक,तुग्ाम,False
tufai,तुफैल,तूफेक,False
tara,तरस,तााा,False
tark,तर्कों,तरक्,False
talv,तलवे,तलवा,False
tant,तांता,टंंु,False
tamb,तांबे,तांब,False
tanb,तांबे,टंंब,False
taaj,ताजा,ताज़,False
taaz,ताजा,ताज़ी,False
tapt,ताप्ती,टप्ट,False
tasi,तासीर,तासि,False
taah,ताहि,ताही,False
tiro,तीरों,तिरों,False
tar,तर्क,तारा,False
taj,ताजा,ताज़,False
taz,ताजा,ताज़ी,False
tah,ताहि,तहह,False
tee,तीर,तीन,False
ti,तीर,टान,False
t,ती,टी,False
dampattiyo,दंपतियों,दमप्ततियों,False
dampatiyo,दंपतियों,दंप्तियं,False
tyauharo,त्यौहारों,त्याहारों,False
tyoiharo,त्यौहारों,त्योहारों,False
theatero,थिएटरों,थीटरों,False
theatero,थियेटरों,थीटरों,False
thiyeter,थियेटर्स,थियेेररस,False
danptiyo,दंपतियों,दंपतियों,True
darmiyaa,दरमियान,दरमियिया,False
tyoharo,त्यौहारों,त्योहारों,False
tremasi,त्रैमासिक,ट्रेमैिि,False
trimasi,त्रैमासिक,त्रिमसिि,False
theatro,थिएटरों,थीटरों,False
theater,थिएटर्स,थीथरी,False
theatro,थियेटरों,थीटरों,False
theater,थियेटर्स,थीथरी,False
durdhar,दरदरा,दूरधधरा,False
darmiya,दरमियान,दरमियय,False
darjano,दर्जनों,दर्जनों,True
tyohaa,त्यौहार,त्योहान,False
tyoiha,त्यौहार,त्योहान,False
trijat,त्रिजटा,त्रजजती,False
thaanv,थानवी,थानवा,False
theate,थियेटर,थीथर,False
theatr,थियेटर,थीथरर,False
thitro,थियेटरों,थित्रों,False
theatr,थियेटर्स,थीथरर,False
thirak,थिरके,थिरके,True
thaile,थैली,थाइलें,False
dampat,दंपति,दामपे,False
danpat,दंपति,डापटे,False
dadrev,ददरेवा,दादवेव,False
dadrew,ददरेवा,दादरवी,False
dardar,दरदरा,दरदारी,False
dardra,दरदरा,दरददरा,False
darjan,दर्जनों,दर्जना,False
tejaj,तेजाजी,तेजजी,False
tyoha,त्यौहार,त्योहान,False
trijt,त्रिजटा,त्रिजता,False
thart,थर्टी,थर्त,False
thirt,थर्टी,थीर्ा,False
thanv,थानवी,ठावा,False
thirk,थिरके,थिरका,False
thail,थैली,थाइला,False
thail,थैले,थाइला,False
dango,दंगों,डंंों,False
telo,तेलों,टेलों,False
triy,त्रिया,त्रिया,True
thak,थकी,थका,False
than,थाणे,ठाना,False
thie,थीफ,थीन,False
then,थेनी,ठेंा,False
dang,दंगा,डांा,False
damo,दमोह,डामं,False
tej,तेजी,तेज़ी,False
tau,तौल,ताऊ,False
thk,थकी,थका,False
the,थेन,ठें,False
dan,दंग,दंन,False
dar,दर्प,डरर,False
te,तेल,तेज,False
to,तो,टॉल,False
ts,त्से,टीसी,False
t,तो,टी,False
daabholka,दाभोलकर,दाभोलकर,True
dastaana,दस्ताना,दस्तानक,False
dabholka,दाभोलकर,दाभलककर,False
dikhaaiy,दिखाइये,दिखाइए,False
dalbada,दलबदल,दलबदाा,False
dastave,दस्तावेज,दस्तावे,False
daakhil,दाखिले,दाखिला,False
daanshi,दानशील,दानशील,True
dayitvo,दायित्वों,दायित्वं,False
dayityo,दायित्वों,दायित्ों,False
dikhaiy,दिखाइये,दिखाइए,False
dikhaae,दिखाईं,दिखाएं,False
dikhaai,दिखाईं,दिखाइं,False
dikhayi,दिखाईं,दिखाइि,False
dalbad,दलबदल,दलबदाडी,False
dastan,दस्ताना,दस्तान,False
daakhi,दाखिल,दाखिि,False
dakhil,दाखिले,दखीली,False
danshi,दानशील,दाशिि,False
dayitv,दायित्व,दायित्व,True
dayitw,दायित्व,दायित्व,True
dikhla,दिखला,दिखलाई,False
dikhaa,दिखाई,दिखाई,True
dikhay,दिखाई,दिखाया,False
dikhaa,दिखाईं,दिखाई,False
dikhae,दिखाईं,दिखाईं,True
dikhay,दिखायी,दिखाया,False
dikhaa,दिखार्इ,दिखाई,False
dikhay,दिखार्इ,दिखाया,False
dinaan,दिनांक,दिनानी,False
dilaay,दिलाये,दिलाया,False
deewan,दिवानी,दीवानी,False
dakhi,दाखिल,दाीिि,False
daata,दाता,दाटक,False
dadar,दादरी,दादरा,False
damal,दामले,दममल,False
dayit,दायित्व,दायतत,False
dikhl,दिखला,दिखला,True
dikha,दिखाई,दिखाई,True
dikha,दिखाईं,दिखाई,False
dikha,दिखायी,दिखाई,False
dikha,दिखार्इ,दिखाई,False
dikha,दिखार्इ,दिखाई,False
dinan,दिनांक,दीनान,False
dirha,दिरहम,दीरहान,False
dilay,दिलाये,दिलाया,False
diwan,दिवानी,दिवानी,True
darr,दर्रा,डैरी,False
daha,दहन,दहन,True
daha,दहल,दहन,False
daml,दामले,दममल,False
daru,दारूल,दररु,False
dita,दिता,दिता,True
dal,दली,डाल,False
dat,दाता,डतता,False
daa,दाव,दान,False
daa,दाव,दान,False
daa,दाह,दान,False
dit,दिता,डीत्,False
div,दिव्य,दिवा,False
da,दाव,दा,False
da,दाव,दा,False
da,दाह,दा,False
d,दा,दी,False
duwaidhaayei,दुविधाएं,दुवाधाएं,False
duvidhaayei,दुविधाएं,दुविधाएं,True
dubhashiyo,दुभाषियों,दुभाषियों,True
doordarsha,दूरदर्शन,दूरदर्श,False
duvidhaae,दुविधाएं,दुविधाएं,True
durdarsha,दूरदर्शन,दूरदर्शक,False
deepsing,दीपसिंह,दीपिंंि,False
durghatn,दुर्घटना,दुर्घ्ना,False
durbhiks,दुर्भिक्ष,दुरभभिक्ष,False
duvidhae,दुविधाएं,दुविधाएं,True
denevaal,देनेवाली,देनेवाले,False
denewaal,देनेवाली,देनेवाले,False
devising,देवीसिंह,डिविजिंह,False
dipsing,दीपसिंह,डिपिंगं,False
dukaano,दुकानों,दुकानों,True
dukhiyo,दुखियों,दुखियों,True
durghtn,दुर्घटना,दुर्घ्ना,False
duneert,दुर्नीति,दुनीर्थ,False
deneval,देनेवाली,देनेवाले,False
denewal,देनेवाली,देनेवाले,False
devaapu,देवापुर,देवापुर,True
devisin,देवीसिंह,डिवाइसिंग,False
deshkaa,देशकाल,देशाकर,False
dhandho,धंधों,धंधों,True
dhakelt,धकेलते,धकेलता,False
dhkelat,धकेलते,धकेलता,False
divyat,दिव्यता,दिव्यता,True
deepik,दीपिका,दीपिका,True
dukano,दुकानों,दूकानों,False
durnit,दुर्नीति,दूर्नित,False
dekhog,देखोगे,देखोगी,False
devnaa,देवनार,देवनान,False
devapu,देवापुर,देवापुर,True
deshka,देशकाल,देशकर,False
dvadas,द्वादश,द्वास्त,False
dwaada,द्वादश,द्वादन,False
dvived,द्विवेदी,द्वीदेधी,False
dwived,द्विवेदी,द्विदेदी,False
dhandh,धंधे,धंधध,False
dhando,धंधों,धंडों,False
deepa,दीपन,दीपम,False
dipik,दीपिका,दीपिका,True
dukha,दुखन,दुखर,False
dukhi,दुखित,दुखिर,False
dukho,दुखों,दूखों,False
durgu,दुर्गुण,दुर्ुु,False
deona,देवनार,डीनान,False
devna,देवनार,देवना,False
deshk,देशके,देशकक,False
dhand,धंधे,धंडी,False
dhndh,धंधे,धंधध,False
divy,दिव्य,दिव्या,False
divy,दिव्या,दिव्या,True
deep,दीपन,दीपी,False
dipa,दीपन,दीपम,False
deey,दीया,दीए,False
dukk,दुक्के,दुक्का,False
drad,दृढ़,ड्रे्,False
drid,दृढ़,द्रिड,False
desa,देसाई,देसा,False
diy,दीया,दिय,False
dun,दूने,दून,False
dev,देवी,देवा,False
dog,दोगे,दोगी,False
dhandhaany,धनधान्य,धाधनन्य,False
dhairyavaa,धैर्यवान,धैर्यवाद,False
dhyeyavaad,ध्येयवादी,ध्यायवादी,False
naksalavaa,नक्सलवाद,नक्सावाद,False
dhanadhan,धनधान्य,धनधधना,False
dhandhany,धनधान्य,धाधननयय,False
dhamkaata,धमकाता,धमकाता,True
dhasmaana,धस्माना,धस्मानक,False
dhaatuyei,धातुएं,धातुयंं,False
dhairyawa,धैर्यवान,धैर्यवाद,False
dhiryawaa,धैर्यवान,धिर्यवाा,False
dhokhebaa,धोखेबाज,धोखेबार,False
naksalwaa,नक्सलवाद,नक्सावाा,False
naxalvaaa,नक्सलवाद,नक्सावाद,False
dhankube,धनकुबेर,धनकुबे,False
dhandhan,धनधान्य,धंधधन,False
dharmnat,धर्मनाथ,धर्मनाथ,True
dhaatuei,धातुएं,धातियं,False
dhiryava,धैर्यवान,धीर्यवास,False
dhokebaa,धोखेबाज,धोकेबार,False
dhokebaa,धोखेबाज,धोकेबार,False
dhokheba,धोखेबाज,धोखेबाद,False
dhyeywad,ध्येयवादी,ध्येयवाीी,False
nandanva,नंदनवन,नंददवर,False
naksalwa,नक्सलवाद,नक्सावलाद,False
naxalwaa,नक्सलवाद,नक्सावाद,False
dhamkat,धमकाता,धमकते,False
dharmra,धर्मराज,धर्मरा,False
dharmes,धर्मेश,धर्मशश,False
dhasman,धस्माना,धस्मनन,False
dhuriya,धुरिया,धुरियां,False
dhokeba,धोखेबाज,धोकेबार,False
dhokeba,धोखेबाज,धोकेबार,False
dhoraaj,धोराजी,धोराजी,True
dyeyvad,ध्येयवादी,दायाववादी,False
dhatan,धटना,धातन,False
dhamma,धम्मा,धम्मन,False
dhaaga,धागा,धागा,True
dhaara,धारक,धारा,False
dhunaa,धुनाई,धुना,False
dhuriy,धुरिया,धुरिया,True
dhoraj,धोराजी,धोरेज,False
dhrupa,ध्रुपद,धृरुर,False
dhatn,धटना,धातन,False
dhamm,धम्मा,धम्म,False
dhaag,धागा,धागे,False
dhtue,धातुएं,धुतुं,False
dhara,धारक,धााा,False
dhaar,धारी,धारे,False
dhuna,धुनाई,धुना,False
dhona,धोना,धोनल,False
dhoro,धोरों,धोरों,True
drupa,ध्रुपद,द्रुपन,False
naksa,नक्सल,नक्सन,False
dham,धम्म,धमी,False
dhaa,धाक,धान,False
dhag,धागा,धाग,False
dhar,धारी,धरर,False
dhua,धुआं,धुआ,False
dhun,धूनी,धुने,False
dhon,धोना,धोना,True
nads,नक्सल,नादी,False
naxa,नक्सल,नक्र,False
dha,धाक,धा,False
najarandaa,नजरंदाज,नजरअंदाज,False
najarandaa,नजरंदाज,नजरअंदाज,False
nazarandaa,नजरंदाज,नजरअंदाज,False
nazarandaa,नजरंदाज,नजरअंदाज,False
narsanharo,नरसंहारों,नर्ंनारों,False
navjaagara,नवजागरण,नवजागणण,False
naksaliyo,नक्सलियों,नक्सालियो,False
nazaranda,नजरंदाज,नजरअंदज़,False
najibabaa,नजीबाबाद,नजीबबबजा,False
narbhaksh,नरभक्षी,नरभभक्ष,False
naxaliyo,नक्सलियों,नेकलालियं,False
najariyo,नजरियों,नज़रिियं,False
najibaba,नजीबाबाद,नजीबबबााद,False
narsanha,नरसंहार,नरसंना,False
navjagra,नवजागरण,नवजार्र,False
navvadho,नववधू,नववाधों,False
navanaga,नवानगर,नवानगर,True
nawanaga,नवानगर,नवानगर,True
nagaada,नगाड़ा,नादाा,False
nagaara,नगाड़ा,नागार,False
najraan,नजराने,नजररंी,False
nazraan,नजराने,नज़रंत,False
najriyo,नजरियों,नज़रियं,False
narnaar,नरनारी,नर्णार,False
novembe,नवंबर,नॉवंबर,False
navketa,नवकेतन,नवकेतन,True
navvadh,नववधू,नववाधा,False
ninetee,नाइनटीज,निनेते,False
ninetie,नाइनटीज,निनेटे,False
naksal,नक्सली,नक्सली,True
nagaad,नगाड़ा,नाााी,False
nageen,नगीने,नागिना,False
nanhei,नन्हें,ननहहें,False
namkee,नमकीन,नमकीी,False
narnar,नरनारी,नर्णरी,False
nitrou,नाइट्रस,नाइट्र,False
nintie,नाइनटीज,निंटीन,False
naxal,नक्सली,नैकले,False
nagin,नगीने,नागिना,False
najro,नजरों,नज़रो,False
najee,नजीब,नजीर,False
najee,नजीम,नजीर,False
nazee,नजीम,नजीर,False
namki,नमकीन,नाकीिय,False
navdh,नवधा,नवदध,False
navat,नवाते,नवाते,True
nasee,नसीम,नसीर,False
night,नाइट्रस,नाइट्स,False
naji,नजीब,नाजि,False
naji,नजीम,नाजि,False
nana,नना,ननन,False
nanh,नन्हें,नन्हा,False
nabj,नब्ज़,नब्जी,False
nara,नरम,नरर,False
narm,नरमी,नर्म,False
nava,नवा,नवान,False
navy,नव्या,नवया,False
nasi,नसीम,नससि,False
nan,नना,नंन,False
nab,नब्ज़,नबी,False
nab,नब्ज़,नबी,False
nar,नरम,नररी,False
nav,नवा,नवी,False
nn,नना,ननएन,False
namavaliyo,नामावलियों,नमावालियों,False
narayangad,नारायणगढ़,नारायंदी,False
narayangar,नारायणगढ़,नारायंगी,False
nirdeshika,निर्देशिका,निर्देशिकर,False
namankano,नामांकनों,नमानानों,False
naraingar,नारायणगढ़,नररांगर,False
nirdeshik,निर्देशिका,निर्देशिका,True
nirdhaari,निर्धारित,निर्धारित,True
naamdhar,नामधारी,नामदाी,False
namankan,नामांकनों,नममनकं,False
nahargad,नाहरगढ,नहररगढ़,False
nahargar,नाहरगढ,नहररगढ़,False
nikaalan,निकालनी,निकालना,False
niptaara,निपटारा,निपटारा,True
nirdhari,निर्धारित,निर्धररि,False
nanavat,नानावती,नानाती,False
namdhar,नामधारी,नममधरी,False
nikaleg,निकलेगी,निकालेगी,False
nikalog,निकलेगी,निकालोग,False
nikaaln,निकालनी,निकालने,False
nikalan,निकालनी,निकलनना,False
nichala,निचला,निचलान,False
nipatar,निपटारा,निपटारे,False
niptaar,निपटारा,निपटारे,False
niyanta,नियंता,नियंता,True
naakaa,नाकाम,नाकार,False
naagri,नागारिक,नागरिय,False
nagari,नागारिक,नागरी,False
nikaln,निकालनी,निकलनन,False
niketa,निकेतन,निकेतन,True
nikhar,निखरी,निखारा,False
nichal,निचला,निचली,False
nitiyo,नितियों,नीतियों,False
nidhaa,निधान,निधान,True
niptar,निपटारा,निपटारा,True
niyant,नियंता,नियंता,True
nagri,नागारिक,नगगीर,False
napan,नापने,नापनी,False
naraj,नाराजी,नररज,False
naasa,नासर,नासन,False
nikha,निखर,निखा,False
nigge,निगर,निइगर,False
nichl,निचला,निचली,False
nitya,नित्या,नित्यम,False
nidha,निधान,निधा,False
naka,नाकाम,नकार,False
nagi,नागिन,नागि,False
nade,नाडेप,नादर,False
nana,नानक,ननन,False
napn,नापने,नापने,True
naam,नामो,नामा,False
naya,नायक,नयार,False
nick,निकी,निक्,False
nick,निकी,निक्,False
niga,निगर,निगल,False
nity,नित्या,नित्य,False
niya,निया,नियम,False
nau,नाऊ,नौर,False
nap,नापा,नाप,False
naa,नाम,नाग,False
nam,नामो,नमम,False
nik,निकी,नीकक,False
niy,निया,निया,True
na,नाऊ,ना,False
niveshakarta,निवेशकर्ता,निवेषार्तता,False
niveshkarta,निवेशकर्ता,निवेषकरर्ता,False
nrityashail,नृत्यशैली,नृत्यशशला,False
nrutyashail,नृत्यशैली,नृत्यशशला,False
niveshkart,निवेशकर्ता,निवेषकर्ता,False
nihaalchan,निहालचंद,निहालंद,False
nihalchan,निहालचंद,निहलंना,False
networkin,नेटवर्किग,नेटवर्किंग,False
nihalaan,निहलानी,निहालने,False
neechaae,नीचाई,नीचाल,False
neelagaa,नीलगाय,नीलगाा,False
nirbaad,निर्बाध,निर्बदद,False
nishcha,निश्चल,निश्चा,False
nishnaa,निष्णात,निश्ना,False
nishpaa,निष्पाप,निष्पान,False
nihlaan,निहलानी,निहलाने,False
neetiyo,नीतियों,नीतियों,True
neelaab,नीलाभ,नीलाभ,True
noobiya,नूबिया,नूबियां,False
nominat,नॉमिनेट,नॉमिनेट,True
nauvaha,नौवहन,नौवाहन,False
nirbad,निर्बाध,निर्बद,False
nischa,निश्चल,निश्चा,False
nihlan,निहलानी,निहलंने,False
nichaa,नीचाई,निचान,False
nitiyo,नीतियों,नीटियों,False
nilaab,नीलाभ,नीलाबी,False
nrityo,नृत्यों,नृत्यों,True
nrutyo,नृत्यों,नृत्यों,True
nation,नेशंस,नेटनंग,False
naived,नैवेद्य,नैवेदी,False
naiveg,नैवेद्य,नैवेगी,False
nevedy,नैवेद्य,नेवेद्य,False
naukar,नोकरी,नौकरी,False
nausha,नौशाद,नौशन,False
nilga,नीलगाय,निलगत,False
nilab,नीलाभ,नीलाब,False
nuskh,नुस्खे,नुश्खा,False
nubiy,नूबिया,न्बिया,False
necta,नेक्टर,नेक्टर,True
nelsa,नेल्सन,नेलसस,False
nelso,नेल्सन,नेल्सन,True
nehar,नेहरा,नेहरी,False
naukr,नोकरी,नौकरी,False
nokar,नोकरी,नोकरर,False
naune,नौनेर,नौने,False
nehr,नेहरा,नेहर,False
nain,नैनो,नैनी,False
nokr,नोकरी,नोकरी,True
note,नोट्स,नोटर,False
nea,नीट,नील,False
nee,नीट,नीर,False
noo,नून,नूर,False
nec,नेको,नेच,False
nek,नेको,नेख,False
neg,नेग,नेगी,False
net,नेटो,नेत्,False
net,नेता,नेत्,False
nem,नेमो,नेमा,False
nan,नैनो,नंन,False
nor,नोरा,नॉर्,False
nor,नोरी,नॉर्,False
nu,नून,नन,False
ne,नेग,नेन,False
patkathaayei,पटकथाएं,पटकथाएं,True
patkathaei,पटकथाएं,पटकथाएं,True
patkathaye,पटकथाएं,पटकथाएं,True
padadhikar,पदाधिकारी,पद्धिकारी,False
punjabiyo,पंजाबियों,पुंबाििों,False
pataakshe,पटाक्षेप,पटाक्षें,False
padarauna,पडरौना,पददाुणा,False
padamawat,पदमावती,पदममववी,False
pardesiyo,परदेसियों,परदेसिशिों,False
panchaan,पंचांग,पंचांत,False
pakaayei,पकाएं,पकाएं,True
pakshapa,पक्षपात,पक्षापन,False
pakshpaa,पक्षपात,पक्षपान,False
pagabadh,पगबाधा,पगडाड़,False
pachaata,पचाता,पचाता,True
pataraan,पटरानी,पटराने,False
patavaar,पटवारी,पतवारी,False
patakshe,पटाक्षेप,पटाक्षे,False
padhaata,पढ़ाता,पढ़तत,False
padmavat,पदमावती,पद्मावती,False
padmawat,पदमावती,पद्मावती,False
panchan,पंचांग,पंचां,False
punchan,पंचांग,पंचने,False
pakaaye,पकाएं,पकाएं,True
pakshpa,पक्षपात,पक्षपान,False
pagbadh,पगबाधा,पग्गडा,False
patakka,पटककर,पट्कार,False
patache,पटाक्षेप,पटाचे,False
padraun,पडरौना,पददरुनत,False
panapna,पनपना,पनपनन,False
panaama,पनामा,पनामन,False
pakaye,पकाएं,पकाएं,True
pakaud,पकौड़े,पकौड़े,True
pagala,पगला,पगगलल,False
pachat,पचाता,पचाते,False
patran,पटरानी,पतरनण,False
patwar,पटवारी,पतवारी,False
patiya,पटिया,पटियां,False
padega,पड़ेगा,पड़ेगा,True
padhat,पढ़ाता,पढ़ते,False
panpan,पनपना,पनपने,False
pardes,परदेसी,परदेश,False
punja,पंजाब,पूजजल,False
panta,पंटर,पंटट,False
pante,पंटर,पैंटर,False
punte,पंटर,पंटर,True
pakae,पकाएं,पकाई,False
patiy,पटिया,पटीया,False
padeg,पड़ेगा,पड़ेगा,True
padha,पढ़ा,पढ़ा,True
patil,पतीली,पटीला,False
panam,पनामा,पनामी,False
panee,पनीर,पनीी,False
parva,परवा,परवरा,False
parwa,परवा,परवा,True
pagl,पगला,पगले,False
patk,पटकी,पट्क,False
padh,पढ़ा,पढ़ी,False
pamm,पम्मी,पामम,False
pamm,पम्मी,पामम,False
pumm,पम्मी,पुमम,False
pumm,पम्मी,पुमम,False
parv,परवा,परवव,False
parw,परवा,परवा,True
paathshaalaayei,पाठशालाएं,पाठशालाएं,True
parikshaayei,परीक्षाएं,परीक्षाएं,True
pathshalayei,पाठशालाएं,पथठशालाएं,False
pathshalaye,पाठशालाएं,पथठशालाएं,False
parishadiy,परिषदीय,परिशादिया,False
paathyakra,पाठ्यक्रम,पाठ्यक्रम,True
paraadhee,पराधीन,पराधीन,True
parikalpi,परिकल्पित,परिकालपिक,False
parishadi,परिषदीय,परिशादित,False
parishado,परिषदों,परिशादों,False
parikshae,परीक्षाएं,परीक्षाएं,True
paheliyaa,पहेलियां,पहेलियां,True
pythagora,पाइथागोरस,पिथागारम,False
pythogara,पाइथागोरस,पिथोगारम,False
paraadhi,पराधीन,पराधिि,False
paradhee,पराधीन,पराधीन,True
parikhae,परीक्षाएं,परिकाएं,False
palmonar,पल्मोनरी,पल्ोमार्,False
pulmonar,पल्मोनरी,पुल्मार्ी,False
pahnaaka,पहनाकर,पहनाकर,True
paheliya,पहेलियां,पहललियं,False
paheliyo,पहेलियों,पहेलियों,True
paakhand,पाखंडी,पाखंडी,True
paradhi,पराधीन,पराधिक,False
parisha,परिषद,परिशा,False
parosan,परोसने,परोसना,False
pashtuu,पश्तून,पशषटुर,False
pahanta,पहनता,पहनतत,False
pahanat,पहनते,पहनात,False
pahnaka,पहनाकर,पहनारर,False
pehnaka,पहनाकर,पहनारर,False
pahnaat,पहनाती,पहनाती,True
pakhand,पाखंडी,पखखंडी,False
parima,परिमल,परिमा,False
parosn,परोसने,परोसना,False
palatn,पलटने,पलटनन,False
paltan,पलटने,पलटननन,False
palaar,पलारी,पलारी,True
pashtu,पश्तून,पशष्टर,False
pahnat,पहनता,पहनात,False
pehnat,पहनता,पहनती,False
pahant,पहनते,पहनते,True
pehnat,पहनते,पहनती,False
pahnat,पहनाती,पहनात,False
pehnat,पहनाती,पहनती,False
parda,पर्दा,परदार,False
purpl,पर्पल,पु््लल,False
palar,पलारी,पलारी,True
pahan,पहनी,पहनन,False
pahla,पहला,पहला,True
pard,पर्दा,परदा,False
puls,पल्स,पुलस,False
paha,पहन,पहाड़,False
peha,पहन,पहह,False
pahn,पहनी,पहना,False
pehn,पहनी,पहना,False
pahn,पहनो,पहना,False
pehn,पहनो,पहना,False
pahl,पहला,पहले,False
pehl,पहला,पहली,False
pal,पले,पलल,False
plu,पल्स,प्लन,False
pid,पाइड,पीड़ी,False
pie,पाइड,पियर,False
paaramparikta,पारंपरिकता,पारमप्रितता,False
paathyakramo,पाठ्यक्रमों,पाठ्यक्रमों,True
paramparikat,पारंपरिकता,परापप्रितता,False
pathyakramo,पाठ्यक्रमों,पाठ्क््ममों,False
paramparikt,पारंपरिकता,पराापरकितता,False
pigmentatio,पिगमेंटेशन,पिगमेमेटटन,False
pathykramo,पाठ्यक्रमों,पाठ्क््ममों,False
pathyakra,पाठ्यक्रम,पाठयक्रम,False
populatio,पापुलेशन,पॉपुलेशन,False
paarshado,पार्षदों,पार्शदों,False
pathykra,पाठ्यक्रम,पाठयक्रम,False
parlouro,पार्लरों,परलोरों,False
parshado,पार्षदों,पार्शाों,False
pitaamah,पितामह,पितामाह,False
pailoto,पायलटों,पेलोटो,False
parlero,पार्लरों,पाललरों,False
parloro,पार्लरों,पररलरों,False
paarsha,पार्षद,पार्शण,False
parshdo,पार्षदों,परर्दों,False
pichhad,पिछड़े,पिछड़े,True
piloto,पायलटों,पिलोटो,False
parnel,पार्नेल,परनेली,False
parsha,पार्षद,पररशन,False
piyega,पिएगा,पियेगा,False
pictur,पिक्चर,पिक््र,False
pitama,पितामह,पितमम,False
pearso,पियरसन,पररसो,False
pierso,पियरसन,पियरसस,False
pihaan,पिहानी,पिहाने,False
peakin,पीकिंग,पीकिंग,True
pickin,पीकिंग,पिकिंग,False
pailo,पायलट,पेललं,False
parne,पार्नेल,परने,False
polic,पालिसी,पॉलिस,False
pinta,पिंटा,पिंटन,False
pichd,पिछड़े,पिछड़े,True
pipra,पिपरा,पिपररा,False
piyar,पियरी,पियारा,False
pisaa,पिसाई,पिसान,False
pihan,पिहानी,पिहनन,False
peetn,पीटने,पीटना,False
pilo,पायलट,पिलों,False
pint,पिंटा,पिंटी,False
pieg,पिएगा,पिइग,False
pijj,पिज्जा,पिजजी,False
pizz,पिज्जा,पिज़़ज,False
pipr,पिपरा,पिपरा,True
pipl,पिपली,पिपली,True
pear,पियरी,पीरा,False
pisa,पिसाई,पिसा,False
pitn,पीटने,पिटना,False
pedi,पीडिया,पेडिि,False
pic,पिक,पिक,True
pik,पिकी,पिक्,False
pik,पिकी,पिक्,False
pig,पिग्स,पाइन,False
pmc,पीएमसीएच,पीचीपीएी,False
pi,पिक,पिट,False
pi,पिक,पिट,False
pi,पीआईबी,पिट,False
pm,पीएमएल,पीएमएी,False
pm,पीएमओ,पीएमएी,False
ps,पीएसवी,पीएीपी,False
p,पीआर,पी,False
punargatha,पुनर्गठन,पुनर्नतार,False
poonjikara,पूंजीकरण,पूंजीरणण,False
poojaapaat,पूजापाठ,पूजापता,False
purvaabhaa,पूर्वाभास,पूर्वाभाव,False
putaliyaa,पुतलियां,पुटलियां,False
pushkaran,पुष्करणा,पुष्करण,False
pushkarna,पुष्करणा,पुष्करणण,False
punjikara,पूंजीकरण,पुजजीकरण,False
purvaabha,पूर्वाभास,पूर्वाभाव,False
purvabhaa,पूर्वाभास,पूर्वाभाव,False
putaliyo,पुतलियों,पुटलिययं,False
pushkarn,पुष्करणा,पुष्करणण,False
poojapat,पूजापाठ,पूजापता,False
pooranpu,पूरनपुर,पूरांपुर,False
purvabha,पूर्वाभास,पूर्वाभाव,False
packageo,पैकेजों,पककाग़ं,False
peelepa,पीलेपन,पीलीपन,False
putliya,पुतलियां,पुटलियां,False
putliyo,पुतलियों,पुटलियों,False
pujapat,पूजापाठ,पूजापति,False
puranpu,पूरनपुर,पुरांपुर,False
pendula,पेंडुलम,पेंडुला,False
pendulu,पेंडुलम,पेंदुलु,False
pangoli,पैंगोलिन,पंगोलिया,False
pengoli,पैंगोलिन,पेंगोिि,False
packago,पैकेजों,पैकागों,False
packajo,पैकेजों,पककाोों,False
pidiya,पीडिया,पीड़िया,False
pilepa,पीलेपन,पिलेपन,False
puraan,पुराने,पुराने,True
pushki,पुश्किन,पुष्किय,False
pushpa,पुष्पा,पुष्पण,False
pushpi,पुष्पित,पुष्पित,True
pushpo,पुष्पों,पुष्पों,True
packar,पैकर्ड,पैकारी,False
packag,पैकेज,पककागी,False
pidiy,पीडिया,पीड़िया,False
putla,पुतला,पुतलाल,False
putal,पुतली,पुतलल,False
putal,पुतले,पुतलल,False
puran,पुराने,पुराना,False
purjo,पुर्जों,पुर्ों,False
purzo,पुर्जों,पुर्ों,False
pushp,पुष्प,पुष्प,True
pushp,पुष्पा,पुष्प,False
pastr,पेस्ट्री,पासत्र,False
putl,पुतला,पुतली,False
putl,पुतली,पुतली,True
putl,पुतले,पुतली,False
puti,पुतिन,पुटिक,False
putu,पुतुल,पुतुर,False
pula,पुलम,पुला,False
push,पुष्प,पुष्ट,False
page,पेजेज,पगेर,False
paje,पेजेज,पाजे,False
pis,पीसा,पिसी,False
pun,पुना,पुंा,False
pur,पुरू,पुरे,False
pac,पेस,पैस,False
pai,पैम,पेल,False
pe,पेग,पेन,False
pe,पेस,पेन,False
pa,पैम,पा,False
p,पीवी,पी,False
pratibhutiya,प्रतिभूतियां,प्रतिभूतियां,True
prashaasani,प्रशासनिक,प्रशासनित,False
prashaasano,प्रशासनों,प्रशासनों,True
prashansano,प्रशासनों,प्रशंसनों,False
paratroope,पैराट्रूपर,परतरूूरेर,False
peratruper,पैराट्रूपर,पेररट्पर्स,False
prashasani,प्रशासनिक,प्रश्सनीय,False
prashasano,प्रशासनों,प्रशासनों,True
praakkatha,प्राक्कथन,प्रककथना,False
paranorma,पैरानॉर्मल,पराणोममण,False
peranorma,पैरानॉर्मल,पररननरमम,False
prakshepa,प्रक्षेपक,प्रक्षेपण,False
prabodhin,प्रबोधिनी,प्रबोधििी,False
prayaasra,प्रयासरत,प्रययसरर,False
prayasara,प्रयासरत,प्रययसरण,False
pradarsha,प्रर्दशन,प्रदर्शक,False
prardasha,प्रर्दशन,प्रदर्शन,False
prashasni,प्रशासनिक,प्रश्सनीय,False
prashiksh,प्रशिक्षु,प्रशिक्षा,False
prastaavo,प्रस्तावों,प्रस्तावों,True
prakkatha,प्राक्कथन,प्रककठना,False
polishin,पॉलिशिंग,पोलिशिंग,False
prativaa,प्रतिवाद,प्रतिवान,False
prativad,प्रतिवादी,प्रतिवादी,True
pratisha,प्रतिशत,प्रतिशा,False
prapaato,प्रपातों,प्रपातों,True
prastavo,प्रस्तावों,प्रस्तववो,False
prahaara,प्रहारक,प्रहररण,False
paraffi,पैराफिन,पाफरफि,False
parabol,पैराबोला,परबोली,False
perabol,पैराबोला,परराबल,False
prakriy,प्रक्रिया,प्रक्रिया,True
pratigy,प्रतिज्ञा,प्रतिग्ञ,False
prtigya,प्रतिज्ञा,प्रतिग्ञान,False
pratiyo,प्रतियों,प्रतियों,True
prativa,प्रतिवाद,प्रतिवास,False
prapato,प्रपातों,प्रपतों,False
pravatt,प्रवत्ति,प्रवत्तत,False
prahlaa,प्रहलाद,प्रहलना,False
prahasa,प्रहसन,प्रहससन,False
prahara,प्रहारक,प्रहरणण,False
parafi,पैराफिन,पाफीि,False
perafi,पैराफिन,पेराािन,False
polime,पॉलिमर,पॉलिमर,True
polyme,पॉलिमर,पॉलिमर,True
pranee,प्रनीत,प्रणीत,False
prapaa,प्रपात,प्रपार,False
pravat,प्रवत्ति,प्रवततत,False
prahla,प्रहलाद,प्रहलनक,False
prahsa,प्रहसन,प्रासस,False
prahla,प्रह्लाद,प्रहलनक,False
privac,प्राइवेसी,प्रिइसे,False
polis,पोलिश,पॉलिस,False
poshi,पोषित,पोशित,False
prani,प्रनीत,प्रणणत,False
prapa,प्रपात,प्रपाल,False
praha,प्रह्लाद,प्रहान,False
poka,पोकर,पोका,False
poke,पोकर,पोके,False
post,पोस्ता,पोस्ट,False
pyad,प्यादे,प्यादी,False
praa,प्राण,प्रास,False
pra,प्राण,प्रा,False
pa,पौ,पा,False
praathmikat,प्राथमिकता,प्रातमििता,False
pradhyapako,प्राध्यापकों,प्रध्यापककं,False
farookhnaga,फर्रूखनगर,फरुखखगना,False
farrukhnaga,फर्रूखनगर,फरुखखागर,False
programmer,प्रोग्रामर्स,प्रोग्रामर्,False
phadphadat,फड़फड़ाता,फड़पड़ते,False
farookhaba,फर्रुखाबाद,फरुखबाा,False
farrukhaba,फर्रुखाबाद,फररुखाद,False
farukhnaga,फर्रूखनगर,फरुखनगना,False
prathmikt,प्राथमिकता,प्रा्मितता,False
prekshako,प्रेक्षकों,प्रेक्षकों,True
processin,प्रॉसेसिंग,प्रोसेसिंग,False
programer,प्रोग्रामर्स,प्रोग्रामरड,False
propellan,प्रोपेलेंट,प्रोडेलंड,False
propellen,प्रोपेलेंट,प्रोपेलंं,False
farukhaba,फर्रुखाबाद,फरुकबाा,False
prathami,प्राथमिक,प्रााममिक,False
prathmik,प्राथमिकी,प्रा्मिका,False
priyaman,प्रियामणि,प्रियममण,False
fadfadat,फड़फड़ाता,फड़फड़ते,False
fatehgad,फतेहगढ़,फतेगाा़ी,False
fatehgar,फतेहगढ़,फतेगाा़,False
prathmi,प्राथमिक,प्रा्मिक,False
premlat,प्रेमलता,प्रेमलाट,False
program,प्रोग्रामर्स,प्रोग्रमम,False
praroo,प्रारूप,प्ररूप,False
fundin,फंडिंग,फंंिंग,False
phatan,फटने,फटनन,False
pharas,फरसे,फरास,False
farhee,फरहीन,फरहीन,True
farmio,फर्मिऑन,फामाियन,False
fermio,फर्मिऑन,फे्मयन,False
firmia,फर्मिऑन,फि्मियन,False
prano,प्राणों,प्रणों,False
prapt,प्राप्त,प्रपत्त,False
prapt,प्राप्ती,प्रपत्त,False
praru,प्रारूप,प्ररूप,False
profi,प्रॉफिट,प्रोफिया,False
praud,प्रौढ,प्रौढ़,False
fando,फंदों,फैंड,False
fatan,फटने,फटनन,False
phatn,फटने,फटनन,False
phabt,फब्ती,फे्ता,False
phars,फरसे,फर्स,False
farhi,फरहीन,फरहीि,False
phart,फर्थ,फरतते,False
falat,फलता,फलात,False
prap,प्राप्त,प्राप,False
proo,प्रूफ,प्रुत,False
prem,प्रेमा,प्रेमा,True
prem,प्रेमी,प्रेमा,False
prot,प्रोटो,प्रोटी,False
prou,प्रौढ,प्रॉट,False
plan,प्लेन,प्लांड,False
fund,फंडा,फूंड,False
fagu,फगुआ,फागु,False
fabt,फब्ती,फेतत,False
fars,फरसे,फर्स,False
fart,फर्थ,फरतत,False
fert,फर्थ,फे््,False
pru,प्रूफ,प्रुग,False
pre,प्रेम,प्रेट,False
pla,प्लेन,प्लान,False
fun,फंड,फंं,False
phalitarth,फलितार्थ,फलीतर्थथ,False
phalibhoo,फलीभूत,फलीभूत,True
falitart,फलितार्थ,फलीतर्थथ,False
falibhoo,फलीभूत,फलीभूण,False
physicia,फिजिशियन,फिजिकिया,False
failaaiy,फैलाइए,फैलाइय,False
falibhu,फलीभूत,फलीभूम,False
favvaro,फव्वारों,फववारों,False
fawaaro,फव्वारों,फवारों,False
formula,फार्मूले,फॉरममललर,False
formule,फार्मूले,फॉरममलर,False
pharmac,फार्मेसी,फरमाच,False
failaiy,फैलाइए,फैलाइय,False
failaiy,फैलाइए,फैलाइय,False
phalat,फलता,फलतत,False
favvar,फव्वारा,फववारी,False
fawaar,फव्वारा,फवारर,False
favvar,फव्वारे,फववारी,False
fawaar,फव्वारे,फवारर,False
faisal,फ़ैसला,फ़सलल,False
formul,फार्मूले,फॉरममला,False
pharmo,फार्मों,फरमों,False
fulaay,फुलाए,फूलाया,False
federa,फैडरल,फेडरर,False
failka,फैलकर,फैलकर,True
failae,फैलाइए,फैलाए,False
faileg,फैलेगी,फेलेगी,False
phaln,फलने,फलना,False
faisl,फ़ैसला,फ़सली,False
follo,फ़ॉलो,फॉलो,False
faans,फांसी,फांसे,False
fatam,फातमा,फटमम,False
phaap,फाफ,फापी,False
force,फारसी,फोर्स,False
farmi,फार्मिक,फर्मि,False
formi,फार्मिक,फॉर्मि,False
pharm,फार्मों,फर्म,False
finge,फिंगर,फिंगर,True
fisla,फिसला,फिस्लल,False
feede,फीडर,फीडर,True
phurt,फूर्ति,फूर्त,False
fefad,फेफड़ा,फेफड़ी,False
facia,फेशियल,फेसियां,False
falt,फलता,फालत,False
faln,फलने,फलना,False
fans,फांसी,फैंस,False
fatm,फातमा,फाममम,False
fars,फारसी,फर्स,False
farm,फार्म्स,फर्मो,False
fikr,फिक्र,फीकरी,False
firt,फिरती,फिरता,False
fisl,फिसला,फिस्ल,False
fula,फुलाए,फूलन,False
fula,फुलाए,फूलन,False
furt,फूर्ति,फूर्त,False
phoo,फूस,फूल,False
fefd,फेफड़ा,फेफ़़,False
faa,फाफ,फाड,False
far,फार्म,फर्,False
for,फार्म,फोर्,False
phu,फूस,फुल,False
fek,फेका,फेके,False
fac,फैक्ट,फेस,False
fu,फूस,फुट,False
badhachadhaka,बढ़ाचढ़ाकर,बढ़कचकारर,False
friendshi,फ्रेंडशिप,फ्रेंदाशल,False
bangbandh,बंगबंधु,बंगबंडी,False
francisc,फ्रांसिस्का,फ्रेंसिसिक,False
francisk,फ्रांसिस्का,फ्रेंसिसीस,False
fransisk,फ्रांसिस्का,फ्रांसिसकस,False
francisc,फ्रांसिस्को,फ्रेंसिसिक,False
francisk,फ्रांसिस्को,फ्रेंसिसीस,False
fransisk,फ्रांसिस्को,फ्रांसिसकस,False
bangbhan,बंगभंग,बंंभने,False
bakhshan,बख्शने,बख्शांत,False
bandhat,बंधती,बंधधता,False
bandhuo,बंधुओं,बंधुओं,True
bakaayo,बकायों,बकाययं,False
bakhshn,बख्शने,बख्शंा,False
bageech,बगीची,बगीची,True
bajrang,बजरंगी,बजरंगी,True
bangas,बंगश,बंगसस,False
bantan,बंटने,बंटटने,False
bandht,बंधती,बांडता,False
bandha,बंधान,बंधन,False
bakayo,बकायों,बकायों,True
bagich,बगीची,बगीचे,False
bachat,बचती,बचाते,False
batalv,बटालवी,बतललव,False
phoga,फोगाट,फोगल,False
forti,फोर्टिस,फोर्टिया,False
fusio,फ्यूजन,फुसजन,False
fring,फ्रिंज,फ्रंंग,False
bangs,बंगश,बंगसस,False
bantn,बंटने,बंटटन,False
bakau,बकौल,बकौर,False
bakou,बकौल,बककौ,False
bacha,बचत,बचाई,False
bacht,बचती,बचतत,False
bajan,बजना,बजनन,False
foga,फोगाट,फोगल,False
foda,फोड़ा,फोड़न,False
phod,फोड़ा,फोड़,False
phod,फोड़े,फोड़,False
fodo,फोड़ों,फोडो,False
phod,फोड़ों,फोड़,False
fyuj,फ्यूजी,फ्यजज,False
fros,फ्रॉस्ट,फ्रॉस,False
flyn,फ्लिन,फिलांग,False
fles,फ्लेश,फ्लेस,False
bamb,बंबा,बांब,False
mumb,बंबा,मुंब,False
baks,बक्सा,बक्स,False
baks,बक्सी,बक्स,False
baks,बक्से,बक्स,False
baga,बगड़,बगगल,False
baja,बजाज,बजार,False
fon,फॉन्ट,फॉंग,False
pho,फोड़,फोल,False
fod,फोड़ा,फोड़,False
fod,फोड़े,फोड़,False
fod,फोड़ों,फोड़,False
fuj,फ्यूजी,फूज,False
fli,फ्लिन,फिलि,False
ban,बंग,बंन,False
bun,बंग,बंन,False
bag,बगड़,बाग,False
fo,फोड़,फॉर,False
bahroopiy,बहरूपिया,बहरूपिया,True
bahavalpu,बहावलपुर,बहवालपुर,False
bahawalpu,बहावलपुर,बहवालपुर,False
badhaata,बढ़ाता,बढ़ात,False
badhotar,बढ़ोतरी,बाधोत्र,False
batlaaka,बतलाकर,बतलाकर,True
barpaaya,बरपाया,बरपायन,False
barsaata,बरसाता,बरसाता,True
bahrupiy,बहरूपिया,बहरूपिय,False
bahuchar,बहुचरा,बहुचरी,False
badhaat,बढ़ाती,बढ़ात,False
badhotr,बढ़ोतरी,बाधोत्र,False
batlaay,बतलाए,बतलाया,False
batlaka,बतलाकर,बतलाकार,False
badlapu,बदलापुर,बदलापुर,True
barsaat,बरसाता,बरसाती,False
baraama,बरामद,बरामम,False
baramad,बरामदे,बरामड़ी,False
bastiyo,बस्तियों,बस्तियों,True
bahamaa,बहामास,बहमारर,False
banthiy,बांठिया,बंंीया,False
bandhat,बांधते,बंधधता,False
badhat,बढ़ाता,बढ़तत,False
badhat,बढ़ाती,बढ़तत,False
badhay,बढ़ायी,बढ़ाएा,False
batlaa,बतलाए,बतलाम,False
batlay,बतलाए,बतलाया,False
barpay,बरपाया,बरपपय,False
barsat,बरसाता,बरसाती,False
barama,बरामद,बररमन,False
baramd,बरामदे,बरामदी,False
baljee,बलजीत,बललीत,False
ballab,बल्लभ,बल्लब,False
bahama,बहामास,बहमार,False
banthi,बांठिया,बंंीय,False
bandht,बांधते,बांडता,False
badat,बढ़ाता,बड़ते,False
badha,बढ़ाव,बढ़ा,False
batla,बतलाए,बतला,False
badal,बदली,बदले,False
banva,बनवा,बनवा,True
banaa,बनाम,बनास,False
baniy,बनिया,बनीिया,False
barha,बरहद,बारह,False
baraa,बरात,बरास,False
brama,बरामद,भ्रमर,False
balji,बलजीत,बालीी,False
basav,बसावा,बसवी,False
bahaa,बहाव,बहार,False
badl,बदली,बदले,False
bada,बदाम,बाद,False
banv,बनवा,बनवा,True
bana,बनाम,बना,False
bnaa,बनाम,बनास,False
bars,बरसा,बरसस,False
bara,बरात,बराा,False
braa,बरात,ब्रा,False
birt,बर्थ,बररती,False
ball,बल्ला,बल्ला,True
ball,बल्ली,बल्ला,False
baha,बहाव,बहा,False
ban,बनू,बंन,False
bar,बरे,बार,False
bha,बहाव,भा,False
baarahamaase,बारहमासी,बारमशाेे,False
barahamas,बारहमासी,बारहम्स,False
barahsing,बारहसिंगा,बारससिंह,False
barasingh,बारहसिंगा,बारससंघ,False
bouncero,बाउंसरों,बाउंरों,False
baadhaao,बाधाओं,बाधाओं,True
barahmas,बारहमासी,बारहम्स,False
bikherat,बिखेरती,बिखररती,False
bagaban,बागबानी,बागाने,False
baagiyo,बागियों,बागियों,True
baadhao,बाधाओं,बाधाओं,True
badhaao,बाधाओं,बढ़ाओं,False
baawara,बावरा,बावरर,False
baahuly,बाहुल्य,बाहुलय,False
bikhert,बिखेरती,बिखररत,False
bowlin,बाउलिंग,बॉलिंग,False
bagban,बागबानी,बागबने,False
bagiyo,बागियों,बगििों,False
badhao,बाधाओं,बढ़ाओं,False
baadhi,बाधित,बाधिर,False
baldvi,बाल्डविन,बालद्वप,False
baldwi,बाल्डविन,बालद्ी,False
bahuly,बाहुल्य,बहुल्य,False
bagal,बागली,बगले,False
bajar,बाजारू,बजजर,False
bazar,बाजारू,बजजर,False
bajuo,बाजुओं,बाजुं,False
badhi,बाधित,बाधि,False
baapa,बापा,बापट,False
baaba,बाबत,बाबल,False
bayer,बायर्न,बययरी,False
baalt,बाल्टी,बालते,False
bavaj,बावजी,बावज,False
bawar,बावरा,बावरी,False
bahul,बाहुल्य,बहुली,False
banb,बांबी,बंंब,False
bomb,बांबी,बॉंब,False
baku,बाकू,बककू,False
bagl,बागली,बगले,False
baag,बागो,बाग,False
badh,बाधा,बढ़ी,False
baan,बानी,बाना,False
baap,बापा,बापी,False
bapa,बापा,बापट,False
baba,बाबत,बबबल,False
byru,बायर्न,बायरस,False
bara,बारह,बराा,False
balt,बाल्टी,बलतत,False
balt,बाल्टी,बलतत,False
bavj,बावजी,बावज,False
bavr,बावरा,बावरी,False
bak,बाकू,बाक,False
baa,बाग,बाग,True
bag,बाग,बाग,True
bag,बागो,बाग,False
baj,बाज़ी,बजज,False
baz,बाज़ी,बाज,False
bad,बाध,बड़,False
ban,बानी,बंन,False
bap,बापा,बापी,False
bab,बाबत,बेबू,False
bal,बाला,बाल,False
ba,बाग,बा,False
bo,बाॅक्स,बॉग,False
bewakoofaana,बेवकूफाना,बेवैकुमनन,False
besahaara,बेसहारा,बेसारा,False
beesavaa,बीसवां,बीसवां,True
bevkufan,बेवकूफाना,बेवकूलंड,False
bewkufan,बेवकूफाना,बेवकूलंड,False
bichhua,बिछुआ,बिछुआ,True
bikaner,बीकानेरी,बिकनेरी,False
beergan,बीरगंज,बीरगंज,True
bulleti,बुलेटिन,बुलेटिन,True
bekaabo,बेकाबू,बेकबोो,False
bechaka,बेचकर,बेचकर,True
bethana,बेथनल,बेठना,False
besahar,बेसहारा,बेसारी,False
bigges,बिगेस्ट,बिगगेस,False
bichhu,बिछुआ,बिछुआ,True
bilhau,बिल्हौर,बिलहआू,False
bikane,बीकानेर,बिकने,False
birgan,बीरगंज,बररगंज,False
bisava,बीसवां,बीसववा,False
bisawa,बीसवां,बीसववा,False
brijes,बृजेश,ब्जेस,False
beaula,बेऔलाद,बियलल,False
bechka,बेचकर,बेचकर,True
bechat,बेचते,बेचती,False
bediya,बेड़ियां,बेड़िया,False
bethna,बेथनल,बेठना,False
belach,बेलचा,बेलचच,False
belind,बेलिंडा,बेलिंद्,False
billa,बिल्ला,बिल्लर,False
beeja,बीजक,बीजल,False
beemo,बीमों,बीमों,True
budvi,बुडविग,बुड़िं,False
budwi,बुडविग,बुडवीं,False
bulaa,बुलाओ,बुलाई,False
benva,बेंवर,बेनवार,False
benwa,बेंवर,बेनवर,False
bekab,बेकाबू,बेकबब,False
becht,बेचते,बेचता,False
belch,बेलचा,बेल्ा,False
bipi,बिपिन,बीइिि,False
bila,बिलाई,बिला,False
bila,बिलाई,बिला,False
bill,बिल्ला,बिली,False
bisv,बिस्वा,बिस्वा,True
bisw,बिस्वा,बिस्वा,True
bija,बीजक,बिजा,False
bimo,बीमों,बिमोन,False
beas,बीस्ट,बीसस,False
bula,बुलाओ,बुलाई,False
beni,बेनिस,बेनिय,False
basi,बेसिन,बेसि,False
besi,बेसिन,बेसिट,False
basi,बेसिल,बेसि,False
besi,बेसिल,बेसिट,False
bij,बिजी,बीजी,False
bus,बिजी,बसस,False
buz,बिजी,बुझ,False
bee,बीफ,बीन,False
bee,बीम,बीन,False
bul,बुल,बलल,False
bul,बुले,बलल,False
ba,बीएजी,बा,False
bi,बीम,बिन,False
b,बीके,बे,False
barrackpor,बैरकपुर,बारकक्रो््ट,False
baithante,बैठते,बैठटतंर,False
bhadakaay,भड़काया,भड़काय,False
bhadkaaya,भड़काया,भड़काया,True
bharakaay,भड़काया,भरकाय,False
bairakpu,बैरकपुर,बैरककुर,False
ballisti,बैलिस्टिक,बैलीिस्टि,False
brahmali,ब्रह्मलीन,ब्रह्मिलि,False
brahmlee,ब्रह्मलीन,ब्रह्मीली,False
brigadie,ब्रिगेडियर,ब्रागाडि,False
bhadakay,भड़काया,भड़काया,True
bharakay,भड़काया,भरकाया,False
baithat,बैठते,बैठतत,False
borival,बोरीवली,बोरिवाल,False
boriwal,बोरीवली,बोरिवाल,False
brahmli,ब्रह्मलीन,ब्रहहमीलि,False
brighto,ब्रिगटन,ब्रिटटन,False
bhagaan,भगाने,भगाने,True
bhadkay,भड़काया,भड़काया,True
bandag,बैंडेज,बंदगग,False
baitoo,बैतूल,बैटून,False
brajes,ब्रजेश,ब्रेजे,False
brijes,ब्रजेश,ब्जेस,False
brigat,ब्रिगटन,ब्रिगेट,False
brigto,ब्रिगटन,ब्रिग्न,False
britai,ब्रिटेन,ब्रिइन,False
brocke,ब्रोकन,ब्रॉकर,False
blosso,ब्लॉसम,ब्लॉसन,False
bhagan,भगाने,भागना,False
bande,बैंडेज,बंदर,False
baitu,बैतूल,बैटुन,False
bosta,बॉस्टन,बोस्टन,False
boste,बॉस्टन,बोस्टर,False
bosto,बॉस्टन,बोस्टन,False
bokar,बोकारो,बोकरी,False
bodar,बोदरा,बोडारी,False
bodra,बोदरा,बोदराम,False
borka,बोरकर,बोरकर,True
bolan,बोलने,बोलनी,False
bolia,बोलिए,बोलियन,False
boliy,बोलिए,बोलिया,False
bosaa,बोसान,बोसान,True
byaaw,ब्यावर,ब्यावा,False
byava,ब्यावर,ब्यवन,False
broke,ब्रोकन,ब्रोकर,False
blosa,ब्लॉसम,ब्लॉस,False
betu,बैतूल,बेटर,False
bain,बैनी,बैंस,False
bail,बैला,बेलल,False
bell,बैला,बेल्स,False
bell,बैल्स,बेल्स,False
bodr,बोदरा,बोडरी,False
boli,बोलिए,बोलिन,False
bosa,बोसान,बोसनन,False
baun,बौनी,बौनी,True
boun,बौनी,बाउंड,False
brav,ब्रावो,ब्रेव,False
bree,ब्रीद,ब्रीन,False
broc,ब्रोक,ब्रॉस,False
brok,ब्रोक,ब्रोक,True
ben,बैनी,बेंा,False
bon,बोना,बोन,False
bor,बोर्न,बोर्,False
bro,ब्रोक,ब्रॉन,False
bharatanatya,भरतनाट्यम्,भारतना्यम,False
bharatnatya,भरतनाट्यम्,भारतना््म,False
bhartnatya,भरतनाट्यम्,भर्तना्यम,False
bhairavnat,भैरवनाथ,भैरववनथ,False
bhoopsing,भूपसिंह,भूपसंं,False
bhooswaam,भूस्वामी,भूस्वामी,True
bhavishy,भविष्य,भविष्य,True
bhavanao,भावनाओं,भवनाओं,False
bhurbhur,भुरभुरा,भूरूरी,False
bhupsing,भूपसिंह,भूपिंग,False
bhengapa,भेंगापन,भेंगापन,True
bhabhoo,भभूत,भभभू,False
bhareey,भारीय,भरीी,False
bhavnao,भावनाओं,भावनओं,False
bheesha,भीष्म,भीषण,False
bhulata,भूलता,भुलताा,False
bhusvam,भूस्वामी,भूस्वामी,True
bhuswam,भूस्वामी,भूस्वामी,True
bhabhu,भभूत,भभभु,False
bharat,भरते,भारती,False
bharan,भरनी,भरणी,False
bharan,भरने,भरणी,False
bhaska,भास्कर,भासकर,False
bhisha,भीष्म,भीषण,False
bhugat,भुगता,भूगते,False
bhookh,भूखी,भूखी,True
bhoogo,भूगोल,भूगों,False
bhoota,भूतल,भूता,False
bhumik,भूमी,भूमिका,False
bhulat,भूलता,भुलतत,False
bhart,भरते,भररती,False
bharn,भरनी,भरणी,False
bharn,भरने,भरणी,False
bhaat,भाते,भाता,False
bhaba,भाबर,भाबा,False
bhari,भारीय,भारी,False
bheer,भीरा,भीरू,False
bhish,भीष्म,भीष्,False
bhuga,भुगत,भूगा,False
bhugt,भुगता,भूगते,False
bhutt,भुट्टो,भुट्टा,False
bhook,भूख,भूख,True
bhukh,भूखी,भूखा,False
bhugo,भूगोल,भूगों,False
bhuta,भूतल,भूटा,False
bhult,भूलता,भूलते,False
bhula,भूला,भुलाई,False
bhool,भूली,भूला,False
bhulo,भूलों,भुलों,False
bhay,भय,भाया,False
bhay,भयो,भाया,False
bhar,भरा,भरर,False
bhat,भाते,भट्ा,False
bhan,भानू,भंन,False
bhee,भीड़,भीड,False
bhir,भीरा,भीरू,False
bhum,भुमि,भूमा,False
bhuk,भूख,भूक,False
bhum,भूमी,भूमा,False
bhul,भूला,भुला,False
bhul,भूली,भुला,False
bhul,भूलो,भुला,False
bhus,भूसी,भूष,False
bha,भय,भा,False
matsyendranat,मत्स्येंद्रनाथ,मत्स्ेननर्नता,False
masyendranat,मत्स्येंद्रनाथ,मससयेे््रनं,False
bhraantiya,भ्रांतियां,भ्रंतिययं,False
bhraantiyo,भ्रांतियों,भ्रंतियों,False
matsyavata,मत्स्यावतार,मत्स्यवत्त,False
bhrantiya,भ्रांतियां,भ्रंतियां,False
bhrantiyo,भ्रांतियों,भ्रंतियों,False
makhdumpu,मखदुमपुर,मखधुुपुर,False
matsyavta,मत्स्यावतार,मत्स्यात्त,False
mancheey,मंचीय,मैचचीय,False
manjilei,मंजिलें,मंजीलें,False
manzilei,मंजिलें,मंजीलें,False
mantriyo,मंत्रियों,मंत्रियों,True
machaano,मचानों,मचानों,True
matpatro,मतपत्रों,मंत्परों,False
bhogate,भोगते,भोगतें,False
bhaunho,भौंहों,भूनहों,False
bhoonho,भौंहों,भूनों,False
bhraant,भ्रांति,भ्रंति,False
manchiy,मंचीय,मांचिया,False
manjile,मंजिलें,मंजीलें,False
machaay,मचाए,मचाया,False
machann,मचानों,मचननना,False
machano,मचानों,मचनों,False
madhuar,मढ़ौरा,मधधरर,False
madhupu,मधुपुर,मधुुपर,False
manmarj,मनमर्जी,मनम्रजी,False
maryoka,मयोर्का,मररोयकाल,False
bhaunh,भौंहों,भूनह,False
bhraan,भ्रांत,भ्रां,False
bhrant,भ्रांति,भ्रंति,False
manges,मंगेश,मंगेसे,False
manchi,मंचित,मांचि,False
manchi,मंचीय,मांचि,False
mancho,मंचों,मैंचों,False
manjil,मंजिला,मंजीला,False
manzil,मंजिला,मंजजला,False
makran,मकरानी,मक्ां,False
machay,मचाए,मचाया,False
machan,मचानों,मचंन,False
madaur,मढ़ौरा,मददरी,False
madhur,मढ़ौरा,मधधरी,False
manipa,मणिपाल,मनीपन,False
mayork,मयोर्का,मायोक्,False
bhair,भैरो,भैरी,False
bhogt,भोगते,भोगते,True
bhran,भ्रांत,भ्रंं,False
brant,भ्रांति,ब्रंटट,False
manji,मंजिल,मंजित,False
manzi,मंजिल,मंजीि,False
maksa,मक्सद,मकसस,False
macha,मचाए,मचान,False
matth,मत्थे,मट्ठा,False
manay,मनाए,मनायी,False
bhol,भोला,भोली,False
bhol,भोली,भोली,True
bhol,भोलू,भोली,False
bran,भ्रांत,ब्रंंड,False
manc,मंच,मांच,False
mant,मंटो,मानता,False
mana,मनाए,मनान,False
mnae,मनाए,मनाए,True
ma,मम,मा,False
mu,मम,मूद,False
mahanirdesha,महानिदेशक,महानिर्ेश,False
mahanidesha,महानिदेशक,महानिदेशन,False
maryaadaao,मर्यादाओं,मर्ादाां,False
masaaledaa,मसालेदार,मसालेदार,True
mhanidesha,महानिदेशक,महानिदेशर,False
masaledaa,मसालेदार,मसाेेदार,False
mahagrant,महाग्रंथ,महाग्रनाथ,False
mahapauro,महापौरों,महापुरों,False
mahamantr,महामंत्र,महामंत्र,True
mahavigya,महाविज्ञान,महाविज्ञान,True
mahavishn,महाविष्णु,महाविष्ण,False
mardanag,मर्दानगी,मर्दांज,False
maryaada,मर्यादा,मर्यदान,False
maryadao,मर्यादाओं,मर्यदााओ,False
masaleda,मसालेदार,मसलेेन,False
mhagrant,महाग्रंथ,महाग्रनाथ,False
mahanata,महानतम,महानतम,True
mhapauro,महापौरों,महापरोंं,False
mahamant,महामंत्र,महामंती,False
mhamantr,महामंत्र,महामंत्र,True
mhavidya,महाविज्ञान,महाविद्ञान,False
mahavidy,महाविद्या,महावीद्य,False
mahasing,महासिंह,महासिंह,True
mayorka,मयोर्का,मययरकार,False
mardaan,मरदानी,मरदानी,True
mardang,मर्दानगी,मरदगगी,False
mahakan,महकने,महाकनन,False
mahathi,महाथिर,महततित,False
mahanta,महानतम,महंतत,False
mahapra,महाप्राण,महाप्रा,False
maharaj,महाराजा,महारजी,False
mhavidy,महाविद्या,महाविद्ञ,False
mahasin,महासिंह,महासिनी,False
mardan,मरदानी,मरददाग,False
marath,मराठा,मररथा,False
marath,मराठी,मररथा,False
maryad,मर्यादा,मर्यद्,False
mashra,मशरक,मशरर,False
mahakn,महकने,महकनन,False
mahkan,महकने,महकनन,False
mehkan,महकने,मेहकन,False
mahalo,महलों,महालों,False
mahaja,महाजन,महजज,False
mhathi,महाथिर,महहथिन,False
mhanta,महानतम,महानतर,False
mhapra,महाप्राण,महाप्रा,False
mahipa,महिपाल,महीपन,False
mahino,महीनों,महिनों,False
marma,मरमर,मर्मन,False
murmu,मरमर,मुरूम,False
mardo,मर्दों,मार्ड,False
malag,मलागा,मलले,False
malaa,मलार,मलाम,False
masoo,मसूर,मसूद,False
mahlo,महलों,महलों,True
mhaja,महाजन,महाजन,True
marj,मर्जी,मर्ज,False
mard,मर्दों,मरद्ा,False
mala,मलार,मलाा,False
masu,मसूर,मसूद,False
mass,मस्से,मससस,False
mahi,महीन,महहि,False
maan,मांग,मानी,False
man,मांग,मां,False
mukhyopadhyaa,मुखोपाध्याय,मुख्यपधाधियास,False
mukhopadhyay,मुखोपाध्याय,मुखोपाधयय,False
mithilancha,मिथिलांचल,मिथिलंचल,False
mukhyamantr,मुख्यमंत्री,मुख्यांत्र,False
munshigan,मुंशीगंज,मुनशंगन,False
mubarakpu,मुबारकपुर,मुबररकपु,False
maarvaa,मारवाड़,मारवान,False
milkiya,मिल्कियत,मिलककिया,False
mukarte,मुकरते,मुकररेे,False
mufalis,मुफलिसी,मुफालिश,False
mangan,मांगनी,मंगगन,False
mamool,मामूली,ममूली,False
maariy,मारिया,मारिया,True
maariy,मारियो,मारिया,False
maalis,मालिश,मालिश,True
mithaa,मिठाई,मिठान,False
mithil,मिथिला,मिथिला,True
mimicr,मिमिक्री,मिमी्र,False
munger,मुंगेरी,मुंररी,False
mukart,मुकरते,मुकररता,False
muflis,मुफलिसी,मुल्िश,False
mangn,मांगनी,मंगगन,False
maang,मांगा,मांघ,False
maang,मांगी,मांघ,False
maang,मांगे,मांघ,False
maaji,माजिन,माजिद,False
mathe,माथे,मैथ,False
mamul,मामूली,ममूली,False
marva,मारवाड़,मार्व,False
marwa,मारवाड़,मरराल,False
mariy,मारिया,मरीिा,False
mariy,मारियो,मरीिा,False
marth,मार्था,मररथी,False
malis,मालिश,मलीिश,False
maaso,मासों,मासोन,False
mitaa,मिटाओ,मिटाई,False
mitha,मिठाई,मिठल,False
mithy,मिथ्या,मिथ्य,False
mundv,मुंडवा,मुंडेव,False
mundw,मुंडवा,मुंडेव,False
munaf,मुनाफा,मुनाफ,False
mang,मांगा,मंगे,False
mang,मांगी,मंगे,False
mang,मांगे,मंगे,False
mang,मांगो,मंगे,False
maor,माओरी,मौरी,False
maji,माजिन,मजीि,False
math,माथे,माठा,False
mari,मारियो,मरीि,False
mave,मावे,मेवे,False
maso,मासों,मसोन,False
mita,मिटाओ,मिटन,False
medi,मिडिया,मेडिना,False
mish,मिशा,मिशा,True
muna,मुनाफ,मुनत,False
munn,मुन्नू,मुन्न,False
maa,माप,मात,False
mam,मामे,मामा,False
mav,मावे,मेव,False
maa,मास,मात,False
mas,मास,मास,True
ma,माप,मा,False
mo,माप,मोन,False
ma,मास,मा,False
mubarkpu,मुबारकपुर,मुबरकरपप,False
moolchan,मूलचंद,मूलचंद,True
megapixa,मेगापिक्सल,मेग्पिलन,False
megapixe,मेगापिक्सल,मेगाफासेस,False
melaghaa,मेलघाट,मेलाघाट,False
mushahi,मुशाहिद,मुशहिि,False
muhavar,मुहावरे,मुहावरा,False
mulchan,मूलचंद,मूलचंद,True
mejaban,मेजबानी,मेजबंद,False
mejbaan,मेजबानी,मेबबान,False
mezaban,मेजबानी,मेजबंद,False
mejbaan,मेज़बानी,मेबबान,False
mezbaan,मेज़बानी,मेबबान,False
methano,मेथेनॉल,मेथनों,False
melaani,मेलानिन,मेलानिक,False
mehamaa,मेहमान,मेहमान,True
meharaa,मेहराम,मेहराज,False
muhavr,मुहावरे,मुहावरा,False
mejbaa,मेजबान,मेबबार,False
mezbaa,मेजबान,मेबबार,False
mejban,मेजबानी,मेजबंद,False
mejbaa,मेज़बान,मेबबार,False
mezbaa,मेज़बान,मेबबार,False
mejban,मेज़बानी,मेजबंद,False
medica,मेडीकल,मेडिकन,False
melgha,मेलघाट,मेल्ा,False
melani,मेलानिन,मेलैनिक,False
melaan,मेलानी,मेलानी,True
mahema,मेहमान,महेमन,False
mehama,मेहमान,मेहमन,False
mehmaa,मेहमान,मेहमान,True
macboo,मैकबुक,मैकूक,False
murjh,मुर्झा,मुर्ा,False
multa,मुल्ताई,मूल्तन,False
multa,मुल्ताई,मूल्तन,False
moola,मूलर,मूलत,False
mulle,मूलर,मुलर,False
moolo,मूलों,मूलों,True
maxic,मेक्सिको,मैक्सिक,False
mexic,मेक्सिको,मेक्सिक,False
mejba,मेजबान,मेबबल,False
mejba,मेज़बान,मेबबल,False
melan,मेलानी,मेलनन,False
mehma,मेहमान,मेहम,False
mehra,मेहराम,मेहराज,False
matri,मैट्रिक्स,मेट्रिक,False
moot,मूठ,मूत,False
mood,मूडी,मूद,False
mood,मूडी,मूद,False
mula,मूलर,मूलत,False
mulo,मूलों,मूलों,True
mate,मेट्स,मैटल,False
mati,मैट्रिक्स,मेटिक,False
mut,मूठ,मुत्,False
moo,मूड,मूत,False
moo,मूल,मूत,False
meg,मेगा,मेगी,False
mat,मेट,मात,False
men,मेनू,मेंट,False
mu,मूड,मूद,False
mu,मूल,मूद,False
me,मेट,मेन,False
me,मेम,मेन,False
ma,मैड,मा,False
massachusett,मैसाचुसेट्स,मससेचुसे्््तर,False
maisachuset,मैसाचुसेट्स,मैसास्ेस््र,False
yarooshalei,यरूशलेम,यरूशेलं,False
mauritiou,मॉरिशस,मॉरीशश,False
maulaviyo,मौलवियों,मौलवाियों,False
yarushale,यरूशलेम,ययुशेल,False
mauritiu,मॉरिशस,मॉरीशश,False
maulvido,मौलवियों,मॉलविदों,False
maulviyo,मौलवियों,मौलवियों,True
yaduvans,यदुवंश,याुवंंी,False
yaduwans,यदुवंश,यादवंंी,False
jerusale,यरूशलेम,जररूसल,False
marriag,मैरेज,मैरीज,False
merraig,मैरेज,मेरेगी,False
yashpaa,यशपाल,यशपान,False
maisor,मैसोर,मैसरर,False
module,मॉड्यूल्स,मॉडलल,False
modyul,मॉड्यूल्स,मोड़यल्,False
mauryo,मौर्यों,मौरोयो,False
yashpa,यशपाल,यशपान,False
maina,मैनन,मैना,False
manne,मैनर,मानने,False
marre,मैरेज,मैरेन,False
maiso,मैसोर,मैसन,False
mysor,मैसोर,मिसूर,False
moder,मॉडर्न,मॉडरी,False
modul,मॉड्यूल,मोडलल,False
mogal,मोगली,मोगली,True
mowgl,मोगली,मूगली,False
motiv,मोटिव,मोटिवा,False
mohan,मोहाना,मोहनी,False
mohan,मोहानी,मोहनी,False
mohin,मोहिनी,मोहिंग,False
mauko,मौकों,मौकों,True
maury,मौर्या,मौर्य,False
maury,मौर्यों,मौर्य,False
moryo,मौर्यों,मोरियन,False
maule,मौले,मॉलेन,False
yaatn,यातना,यातने,False
madd,मैडी,मद्द,False
maid,मैडी,मैदी,False
meno,मैनन,मेनो,False
main,मैना,मैंा,False
main,मैने,मैंा,False
mosh,मोशे,मोशी,False
mosa,मोसाद,मोसन,False
mohi,मोहिम,मोहित,False
maum,मौमा,मौमी,False
mory,मौर्या,मोर्य,False
maul,मौले,मौली,False
maus,मौसा,मौसी,False
yatn,यत्न,यतनन,False
mad,मैड,मद़,False
mai,मैड,में,False
mai,मैन,में,False
mod,मॉड,मोड़,False
mol,मोल्ड,मॉली,False
yat,यत्न,यतत,False
yad,यदा,याद,False
ma,मैन,मा,False
me,मैन,मेन,False
mo,मॉड,मोन,False
mo,मोल,मोन,False
yd,यदा,यडडीएी,False
rasaayanik,रसायनिक,रसायानिका,False
registere,रजिस्टर्ड,रिजिसटरी,False
rasaayani,रसायनिक,रसायनी,False
rasayanik,रसायनिक,रसायनीि,False
rasaayano,रसायनों,रसायोनों,False
yaatanao,यातनाओं,याानाओं,False
ukrainia,यूक्रेनियन,यूक्नेनियन,False
jerusale,येरुशलम,जररूसल,False
yojanaei,योजनाएं,योजनाएं,True
ranjkath,रंजकता,रणजकाठा,False
raghupat,रघुपति,रघुपति,True
register,रजिस्टर्ड,रिजिसटरी,False
rasayano,रसायनों,रसायननो,False
yatraei,यात्राएं,यातरएं,False
yaariya,यारियां,यारिया,False
yuddhra,युद्धरत,युद्धररम,False
ukrania,यूक्रेनियन,उूक्नेनिय,False
yojanae,योजनाएं,योजनाएं,True
yojanay,योजनाएं,योजनाय,False
rangkat,रंजकता,रंगकते,False
raktaab,रक्ताभ,रक्तबा,False
raghura,रघुराम,रघुराम,True
ratanpu,रतनपुर,रतनतपर,False
rasyani,रसायनिक,रस्यनीय,False
raghava,राघवन,रघववन,False
yatnao,यातनाओं,यतनाओं,False
yaraya,यात्राएं,यारयन,False
yatrae,यात्राएं,यातराए,False
yariya,यारियां,यारिया,False
yudhra,युद्धरत,युद्राम,False
rangat,रंगते,रंगते,True
ranjkt,रंजकता,रणजकत्ा,False
raktab,रक्ताभ,रक्तबा,False
runner,रनर्स,रननेरी,False
rahama,रहमत,रहमान,False
raheng,रहेंगे,रहेंगे,True
rounde,राउंडर,राउडर,False
yorke,यॉर्कर,योर्न,False
rangt,रंगते,रंगते,True
rakhn,रखना,रखने,False
ralha,रल्हन,रलहन,False
ravis,रविश,रविष,False
ravae,रवैल,रवाई,False
rawai,रवैल,रवैन,False
rahma,रहमत,रहमान,False
rhama,रहमत,रहमान,False
raheg,रहेगी,रहेगी,True
raakh,राखे,राखा,False
raago,रागों,रागो,False
yatn,यातना,यतना,False
yaar,यारी,यारी,True
yuga,युग्म,युगल,False
raee,रईस,राई,False
raya,रयान,रायन,False
rave,रवैल,रववल,False
rasa,रसद,रसस,False
rakh,राखे,रखी,False
rago,रागों,रागन,False
yar,यारी,यार्,False
yug,युग्म,यूग्,False
rai,रईस,रैन,False
rya,रयान,रायन,False
raa,राक,राल,False
ra,राक,रा,False
raajneetikara,राजनीतीकरण,राजनीतिकरण,False
rajneetikara,राजनीतीकरण,राजनीतीकरण,True
rajnitikara,राजनीतीकरण,राजनितीकरण,False
rambharose,रामभरोसे,रामभर्से,False
raatricha,रात्रिचर,रात्रिचर,True
rambharos,रामभरोसे,रामभरोष,False
racreatio,रिक्रिएशन,रेसेरेशन,False
recreatio,रिक्रिएशन,रिकेरेशनशन,False
rajtantr,राजतंत्र,राजतंत्र,True
rajinaam,राजीनामा,राजिममम,False
ratricha,रात्रिचर,रत्तिचार,False
rasayani,रासायनिक,रसासनीक,False
reductio,रिडक्शन,रिड़क्टन,False
raajasv,राजस्व,राजस्व,True
rajinam,राजीनामा,राजिमम,False
reasona,रीजनल,रिजननल,False
regiona,रीजनल,रेजिना,False
retreat,रीट्वीट,रिट्रेटी,False
rajasv,राजस्व,राजससव,False
ranapu,रानापुर,रणपपत,False
ramkot,रामकोट,रामकोता,False
ravale,रावले,रवालें,False
richua,रिचुअल,रिचआल,False
rishte,रिश्ते,रिश्ते,True
risane,रिसने,रिसने,True
rihann,रिहाना,रिहनन,False
retwee,रीट्वीट,रिटवीन,False
rajko,राजकोट,राजकों,False
rajma,राजमां,राजमन,False
raajo,राजों,राजों,True
raadh,राधे,राधी,False
ramko,रामकोट,रामकों,False
ramte,रामटेक,रामते,False
rampu,रामपुर,रामपुर,True
ramra,रामराज,रामाण,False
raalo,रालोद,रालो,False
ralau,रालोद,रालौ,False
ritua,रिचुअल,ऋतयुअ,False
risht,रिश्ते,रिश्टा,False
risan,रिसने,रिसनी,False
rihan,रिहाना,रिहने,False
rajm,राजमां,राजमी,False
raaj,राजी,राजी,True
rajo,राजों,राजो,False
radh,राधे,राधा,False
rabi,राबिन,रेबि,False
robi,राबिन,रॉबिन,False
rabh,राभा,राभ,False
ralo,रालोद,रालो,False
ravl,रावले,रावली,False
rigg,रिग्स,राइग,False
ripa,रिपन,रिपा,False
ripo,रिपन,रिपों,False
risn,रिसने,रिसना,False
rega,रीगल,रेगल,False
riga,रीगल,रिगल,False
raa,राज,राल,False
raj,राजी,राज,False
ran,राणा,रां,False
rig,रिग्स,राइन,False
riy,रिया,रिया,True
ra,राज,रा,False
ri,रिग,रिय,False
ri,रिया,रिय,False
roosevel,रुजवेल्ट,रूजववे्ट,False
rukavato,रूकावटों,रुकावतों,False
registan,रेगिस्तानी,रेजिसटांं,False
racketee,रैकेटियर,रककीती,False
racketie,रैकेटियर,रैकेटियन,False
robertsa,रॉबर्टसन,रोबे्ट्सन,False
robertso,रॉबर्टसन,रॉबर्ट्नन,False
roojwel,रुजवेल्ट,रूजवेलट,False
regista,रेगिस्तान,रेजि्टलन,False
raidica,रैडिकल,रेडििकन,False
wrappin,रैपिंग,रारपिंग,False
robinso,रॉबिंसन,राबिंस,False
rugant,रुग्णता,रूगां,False
rugnat,रुग्णता,रूग्नत,False
rojvel,रुजवेल्ट,रोजवेलल,False
rodolp,रुडोल्फ,रोडोल्प्,False
rudolp,रुडोल्फ,रूडोल्फ,False
roopes,रुपेश,रुपेश,True
rooman,रुमानी,रूमान,False
rootin,रूटिंग,रूटिंग,True
routin,रूटिंग,राउंिंग,False
routin,रूटिंग,राउंिंग,False
refael,रेफेली,रिफलल,False
rehaan,रेहाना,रिहाी,False
rectar,रैकेटियर,रिक्टर्स,False
radica,रैडिकल,रेडिकन,False
rappin,रैपिंग,रापिंग,False
rukat,रुकते,रुकते,True
rukte,रुकते,रुकते,True
rudol,रुडोल्फ,रूडोल्,False
rupes,रुपेश,रुपेश,True
ruman,रुमानी,रूमानी,False
route,रूट्स,रुटर,False
roopa,रूपक,रुपा,False
rantl,रेंटल,रंंतल,False
renta,रेंटल,रेंटन,False
refel,रेफेली,रेफली,False
reshe,रेशे,रेशे,True
racin,रेसिंग,रेसिंग,True
rehan,रेहाना,रेहन,False
reet,रीता,रीत,False
rukt,रुकते,रुकता,False
ruga,रुग्ण,रूगल,False
rugn,रुग्ण,रूग्ण,False
rout,रूट,रुट,False
root,रूट्स,रूठ,False
rupa,रूपक,रुपल,False
roop,रूपी,रुपी,False
resh,रेशे,रेशी,False
race,रेसर,रेसे,False
rece,रेसर,रिसे,False
reso,रेसों,रिसों,False
rait,रैथ,रेती,False
rit,रीता,रित,False
rub,रुबी,रूबी,False
roo,रूट,रुड,False
rup,रूपी,रुपी,False
rej,रेजा,रेजी,False
rez,रेजा,रेजी,False
rat,रेट,रत्,False
rat,रेत,रत्,False
rac,रेस,रेक,False
res,रेस,रेस,True
re,रेत,रेन,False
lakshmidha,लक्ष्मीधर,लक्ष्मिधान,False
lakshmigha,लक्ष्मीधर,लक्ष्मिघम,False
lagnevaale,लगनेवाले,लगननववले,False
laganewal,लगनेवाले,लगनेेाले,False
raubadaa,रौबदार,रौबदार,True
lagnewal,लगनेवाले,लगननववाल,False
ladaaiyo,लड़ाईयों,लड़ाइयों,False
lalkarat,ललकारता,ललककरता,False
rotatio,रोटेशन,रोटेशन,True
rosariy,रोसारियो,रोसा्िया,False
raubada,रौबदार,रौबदार,True
langaro,लंगरों,लंगारं,False
lakshyo,लक्ष्यों,लक्ष्यो,False
ladaeyo,लड़ाईयों,लड़ाएं,False
ladaiyo,लड़ाईयों,लड़ाइयों,False
lapetan,लपेटने,लपेटना,False
rodrig,रोड्रिगो,रोड्रिइ,False
ronald,रोनाल्डो,रोनालड,False
ropane,रोपने,रोपने,True
roller,रोलर्स,रॉलर्स,False
rosari,रोसारियो,रोसारि,False
raubda,रौबदार,राबदान,False
landar,लंगड़ा,लंनडडी,False
langad,लंगड़ा,लागडड़,False
langro,लंगरों,लंगगर,False
lakiro,लकीरों,लाकरों,False
lakshy,लक्ष्य,लक्ष्य,True
lakhkh,लख्खी,लख्खा,False
lajjal,लज्जालु,लजजज़ीी,False
latkat,लटकाते,लटकते,False
lapetn,लपेटने,लपेटना,False
royal,रॉयल्स,रोयली,False
rojli,रोजलिन,रोज़िि,False
rozly,रोजलिन,रोजल्य,False
ropan,रोपने,रोपनी,False
langd,लंगड़ा,लागडडी,False
langa,लंगर,लंगल,False
lakee,लकीर,लककन,False
laksh,लक्ष्य,लक्षा,False
laksa,लक्सर,लक्सन,False
lageg,लगेगा,लगेगी,False
ladat,लड़ते,लड़ते,True
ladaa,लड़ाई,लड़ा,False
labad,लबादा,लबाडी,False
roni,रोनित,रोनित,True
ropn,रोपने,रोपनी,False
robi,रोबिन,रॉबिन,False
rova,रोवन,रोवल,False
rowa,रोवन,रोवल,False
lamb,लंबी,लाबब,False
laki,लकीर,लाकिि,False
lakm,लक्मे,लक्म,False
luxo,लक्सर,लुक्न,False
lagn,लगना,लगने,False
ladk,लड़की,लड़का,False
ladt,लड़ते,लड़ते,True
lada,लड़ाई,लड़न,False
lbad,लबादा,लब्ड़,False
labd,लब्ध,ला्डी,False
lala,ललक,लाल,False
ron,रोनी,रोना,False
roy,रोया,रोई,False
lbd,लब्ध,एलडीडीएी,False
lu,लक्स,लुट,False
lahlahaat,लहलहाती,लहहहाती,False
liberatio,लिबरेशन,लाइबेरेशन,False
liberatio,लिब्रेशन,लाइबेरेशन,False
lahalhat,लहलहाती,ललहहतत,False
lahlahat,लहलहाती,लहहहाती,False
libratio,लिबरेशन,लाइब्रेशन,False
libratio,लिब्रेशन,लाइब्रेशन,False
ludhakat,लुढ़कते,लुढ़कता,False
lurhakat,लुढ़कते,लुढ़कता,False
lalkart,ललकारता,लाककर्ा,False
launche,लांचर,लॉन्ेे,False
lycopen,लाइकोपिन,लाकपोेंं,False
lagataa,लागातार,लगातार,False
lindbhe,लिंगभेद,लिंडभे,False
lingbhe,लिंगभेद,लिंगरेज,False
likhaka,लिखकर,लिखाकर,False
leadero,लीडरों,लीडरों,True
leedaro,लीडरों,लीदरों,False
liidaro,लीडरों,लिडडारों,False
ludhkat,लुढ़कते,लुढ़कता,False
lootmaa,लूटमार,लूटमाम,False
lahana,लहना,लानन,False
lahrae,लहराई,लहराए,False
lehray,लहराई,लेराया,False
lancha,लांचर,लांच,False
lagata,लागातार,लगाता,False
likhka,लिखकर,लिखकार,False
lidaro,लीडरों,लिडारों,False
lumdin,लुमडिंग,लुमडिग,False
lootma,लूटमार,लूटनाम,False
letaka,लेटकर,लेटकर,True
lavas,लवासा,लववसी,False
lovas,लवासा,लवसास,False
lahra,लहराई,लहराम,False
lahsu,लहसुन,लहसुर,False
lasoo,लहसुन,लासू,False
layeg,लायेगा,लाएगग,False
lalpu,लालपुर,ला्पुर,False
linda,लिंडन,लिंडन,True
lindo,लिंडन,लिंडों,False
landa,लेंडल,लंदड,False
lenda,लेंडल,लेनदा,False
lall,लल्ला,लालल,False
lass,लस्सी,लासी,False
lahn,लहना,लहना,True
lehn,लहना,लहना,True
live,लाइव्स,लिवर,False
laeg,लाएगी,लाएगी,True
laat,लाता,लाते,False
laat,लाती,लाते,False
lind,लिंडन,लिंडा,False
liga,लिगर,लिग़,False
lige,लिगर,लाजर,False
loui,लुईस,लुइन,False
lega,लेगा,लेगन,False
lim,लाइम,लामम,False
liv,लाईव,लिइव,False
lat,लाता,लेट,False
lat,लाती,लेट,False
las,लास्ट,लास,False
lui,लुईस,लुट,False
lut,लुत्फ,लूटा,False
leg,लेगा,लेगी,False
la,लास्ट,ला,False
varddhama,वर्द्धमान,वर्दधमम,False
labellin,लेबलिंग,लेबलिंग,True
laingada,लैंगडन,लैंगाड़,False
laigikat,लैंगिकता,लाइिकताट,False
laingikt,लैंगिकता,लैइगिकता,False
longewal,लोंगोवाल,लोंगेवाल,False
vanshdha,वंशधर,वंशधन,False
vanshava,वंशवाद,वंशावक,False
vanshvaa,वंशवाद,वंश्वन,False
vartamaa,वर्तमान,वर्ममान,False
vardhmaa,वर्द्धमान,वर्धमान,False
leneval,लेनेवाली,लेनेवाला,False
lenewal,लेनेवाली,लेनेवाला,False
labelin,लेबलिंग,लेबलिंग,True
longewa,लोंगोवाल,लोंगेवर,False
longova,लोंगोवाल,लोंगववर,False
laurenc,लौरेंस,लारेंस,False
laurens,लौरेंस,लारेंस,False
vanshva,वंशवाद,वंश्व,False
wanshwa,वंशवाद,वंश्र,False
vareiny,वरेण्य,वेरेनय,False
vartama,वर्तमान,वर्तमान,True
vartmaa,वर्तमान,वर्मतान,False
vardhma,वर्द्धमान,वर्धमान,False
vashara,वर्शन,वार्त,False
labelo,लेबलों,लेेलों,False
lebalo,लेबलों,लेबलों,True
langdo,लैंगडन,लंंगड,False
lengda,लैंगडन,लेंगडा,False
laundr,लॉन्ड्री,लाउंदर,False
lochda,लोचदार,लोचड़,False
lauren,लौरेंस,लारेना,False
vareny,वरेण्य,वररेनय,False
vartma,वर्तमान,वर््मा,False
varsha,वर्शन,वर्षण,False
versha,वर्शन,वर्शन,True
letka,लेटकर,लेटका,False
label,लेबलों,लेेले,False
lanse,लैंसेट,लैससन,False
lense,लैंसेट,लेससनन,False
locke,लॉकेट,लॉकेट,True
wonde,वंडर,वंडर,True
vajoo,वजूद,वजजर,False
wajoo,वजूद,वजजर,False
vadal,वडाली,वादली,False
wadal,वडाली,वाडली,False
vanit,वनिता,वानतत,False
varni,वर्णित,वार्नि,False
verba,वर्बल,वे्बल,False
labe,लेबल,लेबे,False
lemo,लेमन,लेमोन,False
lair,लैरी,लारर,False
lair,लैरी,लारर,False
larr,लैरी,लारी,False
vans,वंश,वंसस,False
vaju,वजूद,वजजर,False
vadl,वडाली,वादले,False
varn,वर्ण,वर्न,False
lac,लैस,लेस,False
les,लैस,लेस,False
log,लोगे,लोगी,False
lod,लोदी,लोडी,False
var,वर्ण,वरर,False
lo,लोग,लोन,False
watanukoolla,वातानुकूलन,वातुनूक्लन,False
varsaryach,वर्साचे,वर्ससाचच,False
vatanukula,वातानुकूलन,वातननुु्ल,False
vichaarako,विचारकों,विचारकों,True
vashikara,वशीकरण,वाष्कीण,False
vaahikaye,वाहिकाएं,वाहिकाएं,True
vikramjee,विक्रमजीत,विक्रमजजत,False
vicharako,विचारकों,विचारकों,True
varsaach,वर्साचे,वर्चचा,False
vasearch,वर्साचे,वसेच्च,False
vaangchu,वांगचुक,वांचूु,False
wirerles,वायरलेस,वियरेेस,False
vahikaye,वाहिकाएं,वाहिकाएं,True
wahikaya,वाहिकाएं,वाहिकाय,False
vikramji,विक्रमजीत,विक्रमिजि,False
vigyaano,विज्ञानों,विज्ञानों,True
vidhaaei,विद्याएं,विधाएं,False
vangchu,वांगचुक,वंंछु,False
wangchu,वांगचुक,वंंछु,False
vaadiyo,वादियों,वाडियों,False
wireles,वायरलेस,वायरेेस,False
warrior,वारियर्स,वेररयर,False
vastavi,वास्तविक,वससत्वि,False
vikalpo,विकल्पों,विकलपपों,False
vigyaan,विज्ञानी,विज्ञानी,True
vigyano,विज्ञानों,विज्ञानों,True
viththa,विठ्ठल,विथ्ान,False
versio,वर्शन,वर्सनन,False
valkka,वल्कन,वलक्कर,False
wattso,वाटसन,वत््नसन,False
vadiyo,वादियों,वाडियों,False
wadiyo,वादियों,वाडियों,False
warrio,वारियर्स,वारिनन,False
vastvi,वास्तविक,वासत््वि,False
vincen,विंसेंट,विंसेंट,True
vigyan,विज्ञानी,विज्ञानी,True
vittha,विट्ठल,वित्न,False
vittha,विठ्ठल,वित्न,False
valka,वल्कन,वाककन,False
velka,वल्कन,वेलकर,False
watso,वाटसन,वाटसन,True
vaano,वाणों,वानों,False
vaada,वादक,वादन,False
vayan,वायना,वायने,False
winte,विंटर,विंटर,True
wicke,विकेट,विकन,False
vigya,विज्ञान,विज्ञान,True
vitar,वितर्क,वितरी,False
vata,वाटर,वतन,False
wate,वाटर,वाटर,True
vano,वाणों,वनों,False
wano,वाणों,वनों,False
vada,वादक,वाद,False
vayn,वायना,वायने,False
wayn,वायना,वायने,False
valv,वाल्व,वालव,False
vas,वश,वास,False
wan,वांट,वां,False
vij,वाइज,विज्,False
vis,वाइज,वीस्,False
wis,वाइज,विस,False
vaa,वाण,वान,False
waa,वाण,वान,False
wol,वाल्व,वोल्,False
visheshaadhikaa,विशेषाधिकार,विशेषाधिकार,True
vishwasniiyata,विश्वसनीयता,विश्वस्नीताा,False
vidhansabhaei,विधानसभाएं,विधानसभाए,False
visheshadhika,विशेषाधिकार,विशेषाधिकार,True
vishwasaniyat,विश्वसनीयता,विश्वस्नतया,False
vidhansabhae,विधानसभाएं,विधानसभाए,False
virodhabhaso,विरोधाभासों,विरोधासूसों,False
virodhabhas,विरोधाभासी,विरोधास््,False
vishwasniiy,विश्वसनीय,विश्वसीनीय,False
venkatarama,वेंकटरमन,वेंकटरमण,False
vipreetata,विपरीतता,विपररितता,False
visheshano,विशेषणों,विशेषणों,True
vishwasani,विश्वसनीय,विश्वसननय,False
venkatrama,वेंकटरमन,वेंकटरममण,False
vidyaayei,विद्याएं,विद्याएं,True
vipritat,विपरीतता,विपरितता,False
vimarsho,विमर्शों,विमारोषों,False
vivekahi,विवेकहीन,विवेखाहिक,False
vivekhee,विवेकहीन,विवीखन,False
vishesha,विशेषण,विशेषक,False
veerchan,वीरचंद,वीरचंद,True
venezuel,वेनेजुएला,वेनेजुल्,False
vidhaao,विद्याओं,विधाओं,False
vidyaao,विद्याओं,विद्याओं,True
vidhiva,विधिवत,विधिवत,True
vibhaja,विभाजक,विभाजन,False
vimarsh,विमर्शों,विमाष्थ,False
virajat,विराजती,विराजता,False
virecha,विरेचन,विरेचन,True
vishahi,विषहीन,विशाहित,False
virchan,वीरचंद,विरचंद,False
veronic,वेरोनिका,वेरोनिक्,False
vidyae,विद्याएं,विद्याएं,True
vidyao,विद्याओं,विद्याओं,True
vinash,विनष्ट,विनाशी,False
vibhra,विभ्रम,विभर्म,False
vimars,विमर्श,विमर्ष,False
vishhi,विषहीन,विषिण,False
vishan,विष्णु,विषंण,False
veeres,वीरेश,वीरेश,True
vritto,वृत्तों,वृत्टो,False
vrutto,वृत्तों,वृत्तं,False
weddin,वेडिंग,वेडडंग,False
vediyo,वेदियों,वेदियों,True
vidhu,विधुत,विद्य,False
vinee,विनीत,विनीत,True
vibhr,विभ्रम,विभ्र,False
vibra,विभ्रम,वाइब्रा,False
virod,विरोध,विरोध,True
vivid,विविध,विविध,True
vishn,विष्णु,विश्न,False
vires,वीरेश,वीरेष,False
vruto,वृत्तों,वृतों,False
vini,विनीत,विनित,False
vipr,विप्रा,विप्र,False
vipr,विप्रो,विप्र,False
wipr,विप्रो,विइर्,False
vibh,विभा,विभा,True
week,वीक्स,वीख,False
vedo,वेदों,वेदों,True
wad,वेड,वाडी,False
vl,वीएलसी,ए्लल,False
ve,वेड,वेन,False
we,वेड,वेन,False
wastinghous,वेस्टिंगहाउस,वससतिनभुु,False
westinghous,वेस्टिंगहाउस,वेस्टिनाफ,False
vaigyaanikt,वैज्ञानिकता,वैज्ञानििता,False
vaigyanikat,वैज्ञानिकता,वैज्ञानितता,False
vaigyanikt,वैज्ञानिकता,वैज्ञानिकता,True
vaishnodev,वैष्णोदेवी,वैश्नोवी,False
vyabhichar,व्यभिचार,व्याभिचारी,False
vyavaharga,व्यवहारगत,व्यवहारण,False
vaigyaani,वैज्ञानिक,वैज्ञानिक,True
vaitravat,वैत्रवती,वैत्रवतत,False
vaitrawat,वैत्रवती,वैत्रवतत,False
vaimanasy,वैमनस्य,वैयमन्य,False
vaishaakh,वैशाखी,वैशाखी,True
vyabhicha,व्यभिचार,व्याभिचार,False
vaigyani,वैज्ञानिक,वैज्ञानिक,True
vaimanas,वैमनस्य,वैयानसश,False
vaishakh,वैशाखी,वैशाखा,False
vyaktiga,व्यक्तिगत,व्यक्तिगन,False
vyavadha,व्यवधान,व्यवधाधन,False
vyvharga,व्यवहारगत,व्यवहारन,False
shabdart,शब्दार्थ,शबरदर्थ,False
shamitab,शमिताभ,श्ीतबाभ,False
veronik,वेरोनिका,वेरोनिका,True
weronik,वेरोनिका,वररोनिका,False
vegyani,वैज्ञानिक,वेग्ञानिका,False
vaimany,वैमनस्य,वैमान्य,False
vaisaak,वैशाख,वैसाकी,False
vaishak,वैशाख,वैशाक्त,False
vyavdha,व्यवधान,व्यवधान,True
vladimi,व्लादिमीर,व्लादीमिन,False
shangha,शंघाई,शंघम,False
shatpat,शतपथ,शट्पत्र,False
shaniva,शनिवार,शानिवाद,False
shaniwa,शनिवार,शानिााद,False
shamada,शमादान,शमदद,False
sharabo,शराबों,शररबं,False
weldin,वेल्डिंग,वेल्िंग,False
wastin,वेस्टिंग,वास्टिंग,False
westin,वेस्टिंग,वेस्टिंग,True
vaisle,वेस्ले,वैस्ले,False
vyagha,व्याघात,व्याघ्म,False
shaban,शबाना,शबंद,False
shmada,शमादान,शम्दद,False
velve,वेलवेट,वेलेवर,False
welwe,वेलवेट,वेलेन,False
welde,वेल्डर,वेल्े,False
weldo,वेल्डर,वेल्न,False
wealt,वेल्थ,वेलती,False
vellu,वेल्लूर,वेल्यम,False
vyagr,व्यग्र,व्याग्र,False
vyati,व्यतीत,व्यतीय,False
vyapa,व्यापक,व्यापन,False
shban,शबाना,शबां,False
shami,शमिल,शाीिद,False
velu,वेल्लूर,वेल्मू,False
vesl,वेस्ले,वेस्ल,False
wesl,वेस्ले,वेस्ल,False
vyag,व्यग्र,व्याग्,False
vyti,व्यतीत,व्यटिम,False
wlaa,व्लाद,व्ान,False
shmi,शमिल,शमीि,False
ves,वेश,वेस,False
ver,वैरी,वेरी,False
vla,व्लाद,व्लन,False
shaharwasiyo,शहरवासियों,शहरवासियों,True
shrankhalaao,श्रंखलाओं,श्रृंखाओं,False
shahrvasiyo,शहरवासियों,शहरवासियों,True
shrinkhalao,श्रंखलाओं,श्ंखलंलां,False
shervasiyo,शहरवासियों,श्रवासियों,False
shaantikaa,शांतिकाल,शांतिकार,False
sheershako,शीर्षकों,शीर्ाकों,False
shrankhala,श्रंखला,श्रृंखला,False
shrunkhlao,श्रंखलाओं,शृंखलाओ,False
shaakhaae,शाखाएं,शाखाएं,True
shirshako,शीर्षकों,शिर्षकों,False
shubhanka,शुभंकर,शुभंकर,True
shrankhal,श्रंखला,श्रृंखाा,False
shantika,शांतिकाल,शांतिकार,False
shakhaya,शाखाएं,शाखाया,False
shakhaye,शाखाएं,शाखाएं,True
shaavako,शावकों,शावकों,True
shaasako,शासकों,शासकों,True
shirshko,शीर्षकों,शिर्षकों,False
shringaa,शृंगार,श्रृंगा,False
shrunkhl,श्रंखला,शृंखला,False
shrikhan,श्रीखंड,श्रीखां,False
sharara,शरारत,शराााण,False
sharman,शर्माना,शर्मनण,False
shahdar,शहादरा,शहहारी,False
shavako,शावकों,शावकों,True
shaasak,शासक,शासकी,False
shasako,शासकों,शासकों,True
shootin,शुटिंग,शूटिंग,False
shuttin,शुटिंग,श्टुटिगग,False
shumaal,शुमाली,शुमाला,False
shringa,शृंगार,श्रृंगल,False
shrunga,शृंगार,शृंगण,False
shellin,शेलिंग,शेलिंग,True
shaisha,शैशव,शैषण,False
shravan,श्रावणी,श्रांण,False
shrimat,श्रीमति,श्रीमति,True
shrabo,शराबों,श्रबों,False
shaaki,शाकिर,शाकिन,False
shavko,शावकों,शावकों,True
sasako,शासकों,ससकों,False
shujaa,शुजात,शुजान,False
shumal,शुमाली,शुमला,False
shelin,शेलिंग,शेलिंग,True
shrika,श्रीकर,श्रीकर,True
shrar,शरारत,श्रा्,False
shaki,शाकिर,शकीि,False
shaya,शायक,शानन,False
shasa,शासक,शासन,False
shipr,शिप्रा,शिप्र,False
shirk,शिर्के,शिरका,False
shuja,शुजात,शुजन,False
shoul,शुड,शॉल्,False
shail,शैली,शैलल,False
shaa,शाओ,शाद,False
shal,शैली,शाला,False
shel,शैली,शेलो,False
shau,शॉन,शौक,False
shaw,शॉन,शा्ी,False
shor,शोर्ट,शोर,False
sha,शाओ,शा,False
shu,शुड,शूल,False
sea,शॉन,सीस,False
sur,श्योर,सुरी,False
samvedikara,संवेदीकरण,संवेदीकरण,True
sanvedikara,संवेदीकरण,संवेदिकरण,False
sanskritiya,संस्कृतियां,संस्कृतियां,True
sanskrutiya,संस्कृतियां,संस्कृतियां,True
sanskritiyo,संस्कृतियों,संस्कृतियों,True
sanskrutiyo,संस्कृतियों,संस्कृतियों,True
sanchalano,संचालनों,संचानों,False
samprabhut,संप्रभुता,संप्रभति,False
sankhyaei,संख्याएं,संख्याएं,True
sankhyaye,संख्याएं,संश्याएं,False
sanchalno,संचालनों,संचालों,False
sandarbho,संदर्भों,संदर्भों,True
samprbhut,संप्रभुता,संप्भृति,False
sambhalan,संभालने,संभालन,False
sanyogvas,संयोगवश,संनोग्ञवसत,False
sanyojano,संयोजनों,संयोजनों,True
sanasthit,संस्थिता,संस्थिति,False
sankhyae,संख्याएं,संख्याएं,True
sanghani,संघनित,संघननी,False
sanchaya,संचयन,संचायक,False
sanchaar,संचारी,संचारी,True
sanjeeva,संजीवन,संजीवन,True
sandarbh,संदर्भ,संदर्भ,True
sandrbho,संदर्भों,संद्रभों,False
samprabh,संप्रभु,संप्रभा,False
sambhaln,संभालने,संभालना,False
sambhran,संभ्रांत,संभररण,False
sanbharn,संभ्रांत,संभारण,False
sanyojno,संयोजनों,संयोजनन,False
samshayo,संशयों,समश्यों,False
sanshayo,संशयों,संशायों,False
sanskaar,संस्कारी,संस्कररम,False
sanasthi,संस्थित,संस्थित,True
shrotao,श्रोताओं,श्रोताओं,True
sanghni,संघनित,संघ्नीय,False
sanchar,संचारी,संचार्,False
sanjiva,संजीवन,संजीवन,True
sandarb,संदर्भ,संदर्भ,True
samprat,संप्रति,संप्रता,False
samprbh,संप्रभु,संप्रभ,False
sanyukt,संयुक्त,सायुत्तता,False
sanyukt,संयुक्ता,सायुत्तता,False
sanyoja,संयोजन,संयोजन,True
sanshyo,संशयों,संश्योग,False
sanskaa,संस्कार,संस्कार,True
sanskar,संस्कारी,संस्कर्म,False
sanskri,संस्कृत,संस््ृत,False
sanskur,संस्कृत,संस्कृत,True
sansthi,संस्थित,संस्थित,True
shrira,श्रीराम,श्रीरा,False
sancha,संचार,संचन,False
santat,संतति,संततता,False
sandrb,संदर्भ,संद््भ,False
sandal,संदली,संंडी,False
sandha,संधान,संधा,False
samprt,संप्रति,संप्रता,False
sanyuk,संयुक्त,संयुक्त,True
sanska,संस्कार,संस्का,False
srira,श्रीराम,श्रीरा,False
sanja,संजय,संजन,False
sandl,संदली,संंली,False
sambi,संबित,साबबर,False
sanyo,संयुक्त,संयोग,False
sha,षट्,शा,False
sacchidanan,सच्चिदानंद,सच्चिदनां,False
sachhidanan,सच्चिदानंद,सच्चिदनां,False
sachidanan,सच्चिदानंद,सच्चिननं,False
saptakrant,सप्तक्रांति,सप्तककरमता,False
saptkraant,सप्तक्रांति,सप्त्करणा,False
samanvayak,समन्वयक,समन्वायका,False
samanwayak,समन्वयक,समन्वायका,False
saparivaa,सपरिवार,सपपीिवास,False
sabmissio,सबमिशन,सा्ीिशन,False
submissio,सबमिशन,सब्ीिशन,False
sabhasado,सभासदों,सभासददं,False
samjhoong,समझूंगा,समझूना,False
samjhunga,समझूंगा,समझनगर,False
samaadhaa,समाधान,समाधार,False
samadhiyo,समाधियों,समाधियों,True
samadjiyo,समाधियों,समाजदियों,False
samalakha,समालखा,समाकारार,False
sansthit,संस्थिता,संस्थिति,False
sapariwa,सपरिवार,सापीरवा,False
saptapad,सप्तपदी,सप्ततपाी,False
sapramaa,सप्रमाण,सप्रमणन,False
samjhung,समझूंगा,समझुगी,False
samalakh,समालखा,समालख,False
samitiya,समितियां,समीितय,False
sadanan,सदानंद,सदनननन,False
spariva,सपरिवार,स्पीरवव,False
saptpad,सप्तपदी,सप्त्पा,False
saprama,सप्रमाण,सप्रमण,False
sabhaei,सभाएं,सभाएं,True
sabhaye,सभाएं,सभाएं,True
sabhyat,सभ्यता,सभ्यता,True
samnvya,समन्वयक,समन्वयन,False
samadha,समाधान,समाधन,False
samahaa,समाहार,समाहार,True
sametat,समेटती,समेटता,False
saksha,सक्शन,सक्षण,False
suctio,सक्शन,सचक्शन,False
sataan,सताने,सतानन,False
sapate,सपाटे,सपते,False
saptar,सप्तरी,सप्तरर,False
sabhae,सभाएं,सभाए,False
samaha,समाहार,समाहा,False
samett,समेटती,समेट्ा,False
sakar,सकरा,सकाा़ी,False
satpa,सतपाल,सप्पा,False
satlu,सतलुज,सतलूक,False
satan,सताने,सतनन,False
satva,सत्वत,सत्वर,False
sapan,सपने,सपना,False
sapne,सपने,सपने,True
sapaa,सपाट,सपार,False
sapat,सपाटे,सपपी,False
submi,सबमिट,सबमीमय,False
sabhe,सभाएं,सभेे,False
sarka,सरका,सरकार,False
sakr,सकरा,सक्र,False
sajj,सज्जा,सज्ज,False
satt,सत्ती,सट्ते,False
sapn,सपने,सपना,False
sapa,सपाट,सपान,False
sama,समन,समम,False
sark,सरका,सरक्,False
sat,सते,सा्,False
sa,सत,सा,False
sahakalaaka,सहकलाकार,सहकालकरर,False
sahakalaka,सहकलाकार,सहकालकार,False
sahooliyat,सहूलियत,सहूलितता,False
sahuuliyat,सहूलियत,सहूूिितत,False
sahkalaka,सहकलाकार,सहकालकार,False
saanketik,सांकेतिक,सांकेिित,False
saathsaat,साथसाथ,साठ््ता,False
samanjasy,सामंजस्य,समाजजै्य,False
sarkarei,सरकारें,सरकारें,True
sarkaaro,सरकारों,सरकारों,True
sarganao,सरगनाओं,सागगनाओं,False
salaahka,सलाहकार,सलाहकरर,False
salahkaa,सलाहकार,सलाकारर,False
sahuliya,सहूलियत,सहूलियं,False
saajsajj,साजसज्जा,साजससली,False
samanjas,सामंजस्य,समाजजाश,False
sarkare,सरकारें,सरकारे,False
sarkaro,सरकारों,सरकारों,True
sarahin,सरहिंद,सराहिनी,False
salahka,सलाहकार,सलाखकर,False
saltana,सल्तनत,सललतनम,False
sahrawa,सहरावत,सहहावास,False
sherawa,सहरावत,शेरावल,False
sanketi,सांकेतिक,संकेतित,False
sagarik,सागरिका,सागीिका,False
sajsajj,साजसज्जा,सजसजजीी,False
sathsat,साथसाथ,साहसतत,False
sargan,सरगना,सरगंज,False
sarguj,सरगुजा,सरगुज,False
sarjug,सरगुजा,सर्जुी,False
sarhin,सरहिंद,सररहिणी,False
sirhin,सरहिंद,सिर्ििग,False
saraah,सराहा,सराही,False
saraah,सराही,सराही,True
saltna,सल्तनत,साल्नम,False
sahade,सहदेव,सहदेव,True
saiman,साइमंस,सैयंनी,False
simmon,साइमंस,सिममंड,False
sagrik,सागरिका,सागीिका,False
sathiy,साथिया,साथिय,False
sarsa,सरसा,सरसान,False
sarah,सराहा,सराही,False
sarah,सराही,सराही,True
salee,सलीब,सलीन,False
selec,सलेक्ट,सेलेस,False
savaa,सवाल,सवान,False
sawaa,सवाल,सवास,False
sahde,सहदेव,सहदेव,True
symon,साइमंस,सायोंड,False
saaja,साजन,साजन,True
saaba,साबाह,साबल,False
samoa,सामोआ,समोन,False
sarg,सरगी,सरग्ी,False
sars,सरसा,सरसस,False
sali,सलीब,सालिम,False
sava,सवाल,सवान,False
sawa,सवाल,सवान,False
saim,साइमा,सैमम,False
saja,साजन,सजा,False
saba,साबाह,सबब,False
samo,सामोआ,सममं,False
saay,सायं,साय,False
sag,सागा,साग,False
saj,साजा,साज,False
singhaade,सिंघाड़े,सिंघाे,False
cigaretto,सिगरेटों,सिगरेरटन,False
singapor,सिंगापुर,सिंगापुर,True
cigretto,सिगरेटों,सिजर्रटर,False
siddhiva,सिद्धवट,सिद्धिवास,False
sipahiyo,सिपाहियों,सिपाहियों,True
simatata,सिमटता,सीमटतम,False
sitahara,सीताहरण,सिताहकम,False
singhad,सिंघाड़े,सिंघढ़,False
siddhva,सिद्धवट,सिद्धवान,False
siddhwa,सिद्धवट,सिद्धव्त,False
sinaban,सिनाबंग,सिनंबन,False
simtata,सिमटता,सिमटतम,False
singaa,सिंगार,सिंगा,False
singhd,सिंघाड़े,सिंघड,False
singhr,सिंघाड़े,सिंघ्ा,False
signal,सिगनल्स,सिगनाली,False
synaps,सिनेप्स,सिनापस्,False
simatt,सिमटता,सिमटतत,False
simtat,सिमटता,सिमटतत,False
sitara,सीताराम,सितार,False
sayar,सायरा,सायरी,False
singa,सिंगार,सिंगल,False
singe,सिंगार,सिंगर,False
singh,सिंघी,सिंघह,False
singh,सिंहा,सिंघह,False
sierr,सिएरा,सिररी,False
sipah,सिपाह,सिपाह,True
sipah,सिपाही,सिपाह,False
cemen,सिमटे,सीमेंट,False
simat,सिमटे,सिमता,False
siyas,सियासी,सियास,False
siyah,सियाह,सियाही,False
sirpu,सिरपुर,सिरपुर,True
seate,सीटें,सीटर,False
seale,सील्ड,सीलर,False
saya,सायं,सायन,False
sair,सायरा,सैरो,False
sayr,सायरा,सायर,False
salv,साल्वे,सलल्ी,False
saha,साहब,सहन,False
sinh,सिंहा,सिं्हा,False
sier,सिएरा,सियरा,False
siku,सिकुड़,सिकुप,False
sipa,सिपाह,सिपा,False
sima,सिमट,सिमम,False
simm,सिमी,सिमी,True
siya,सियाह,सियान,False
siva,सिवान,सिवनन,False
siwa,सिवान,सिवनन,False
sisv,सिसवा,सिस्व,False
sisw,सिसवा,सिस्व,False
sika,सीकर,सिका,False
say,सायं,साया,False
sim,सिमी,सिमा,False
sim,सिम्स,सिमा,False
cbs,सीबीएसई,सससीसीआी,False
see,सीम,सीप,False
si,सिम,सिन,False
ci,सीआईएल,सीआई,False
cs,सीएसआई,सीएस,False
cp,सीपीएम,सीपीआी,False
cp,सीपीएस,सीपीआी,False
si,सीम,सिन,False
sudhaargra,सुधारगृह,सुधार््गर,False
sudhargri,सुधारगृह,सुधार््गी,False
sudhargru,सुधारगृह,सुधारसुग,False
susanskri,सुसंस्कृत,सुससंक्रित,False
susanskru,सुसंस्कृत,सुससंकृत,False
sugamat,सुगमता,सुगमतत,False
sujhaat,सुझाती,सुझाती,True
sunaaro,सुनारों,सुनारों,True
sunasee,सुनासीर,सुनानी,False
superhi,सुपरहिट,सुपरहित,False
supachy,सुपाच्य,सुपच्य,False
supachy,सुपाच्य,सुपच्य,False
suljaay,सुलझाई,सुलजाय,False
sukhaka,सूखाकर,सुखाररर,False
surinaa,सूरीनाम,सुरीनार,False
surinam,सूरीनाम,सुरिणामी,False
surinam,सूरीनाम,सुरिणामी,False
suryade,सूर्यदेव,सूर्यदे,False
sujhat,सुझाती,सुझात,False
sunaro,सुनारों,सुनारं,False
sunasi,सुनासीर,सुनासिक,False
suneet,सुनीति,सुनीता,False
suneyg,सुनेगा,सुनेज्,False
supach,सुपाच्य,सुपाचा,False
subhaa,सुभाय,सुभाग,False
survee,सुरवीन,सर्वीर,False
sulkha,सुलखान,सुलखा,False
suljay,सुलझाई,सुलजाय,False
suljha,सुलझाई,सुलझान,False
sultan,सुलताना,सुल्तान,False
sulaat,सुलाती,सुलाता,False
suhagi,सुहागिन,सुहागित,False
sukhat,सूखती,सूखता,False
soocha,सूचक,सूचार,False
shiel,सील्ड,शील्,False
sugmt,सुगमता,सुगमततत,False
sujai,सुजैन,सुजैत,False
sutal,सुतली,सुतली,True
sduee,सुदीप,स्दुर,False
sunit,सुनीति,सुनीति,True
suneg,सुनेगा,सुनेजी,False
subha,सुभाय,सुभा,False
survi,सुरवीन,सर्ववन,False
suran,सुराणा,सुरंत,False
sulza,सुलझाई,सुलझन,False
sulat,सुलाती,सुलतत,False
suiya,सूइयां,सुइया,False
sukht,सूखती,सूख्त,False
sucha,सूचक,सुचार,False
soora,सूरज,सूरत,False
suja,सुजेन,सुजन,False
suje,सुजेन,सुजे,False
suke,सुजेन,सुक्,False
sutl,सुतली,सुटली,False
sudi,सुदीप,सुडिया,False
soon,सूंड़,सूं,False
sooj,सूजा,सूजी,False
sura,सूरज,सुरत,False
sut,सुता,सूती,False
sun,सूंड़,सुंड,False
suj,सूजा,सुजी,False
sub,सूबा,सुबी,False
sub,सूबे,सुबी,False
cc,सीसीडी,सीसी,False
scandinavi,स्कैंडिनेविया,स्कंंडेंिि,False
solicito,सॉलिसिटर,सोलीयिटरं,False
solitair,सोलिटेयर,सोलीटायर,False
scootaro,स्कूटरों,स्कूटरों,True
scootero,स्कूटरों,स्कूटरों,True
skootaro,स्कूटरों,स्कूतरों,False
saturda,सेटरडे,सतूर्ान,False
saunpan,सौंपने,सौंपने,True
scainin,स्कैनिंग,स्केंिंग,False
scannin,स्कैनिंग,स्केंििंग,False
sensin,सेंसिंग,सेंसिंग,True
sevako,सेवकों,सेवाकों,False
samuel,सैम्युल्स,सममुला,False
sochan,सोचने,सोचना,False
sohara,सोहराई,सोहराम,False
sohava,सोहावल,सोहववल,False
sohawa,सोहावल,सोहववल,False
skhala,स्खलन,स्खलन,True
strock,स्ट्रोक्स,स्ट्रॉक्स,False
sendh,सेंधा,सेंधी,False
senva,सेंवई,सेनवान,False
sexua,सेक्सुअल,सेक्सम,False
safet,सेफ्टी,सेफती,False
selfi,सेल्फी,सेल्फट,False
sevko,सेवकों,सेवकों,True
celer,सैलरी,सेलेरी,False
salar,सैलरी,सललरी,False
socce,सॉकर,सॉकेस,False
sochn,सोचने,सोचना,False
sohra,सोहराई,सोहरा,False
sonpn,सौंपने,सौंपने,True
squas,स्क्वाश,स्क्वास,False
squas,स्क्वैश,स्क्वास,False
straw,स्ट्रास,स्ट्रावन,False
stres,स्ट्रास,स्ट्रेस,False
seva,सेंवई,सेवन,False
seme,सेमिन,सीमे,False
semi,सेमिन,सेमिया,False
saka,सॉकर,साका,False
soca,सॉकर,सोकल,False
song,सॉन्ग्स,सोंगज,False
scal,स्काला,स्केल,False
skal,स्काला,स्काल,False
stai,स्टैन,स्टेन,False
stop,स्टॉप्स,स्टोप,False
ston,स्टोन,स्टों,False
stra,स्ट्रे,स्ट्रैन,False
set,सेटी,सेत,False
set,सेटो,सेत,False
set,सेथ,सेत,False
sel,सेल्फ,सेल्,False
sav,सेव,सावी,False
son,सोनू,सोंड,False
som,सोमा,सोमा,True
spm,सोमा,एसपीएमएी,False
som,सोमी,सोमा,False
soy,सोया,सोया,True
sta,स्टैन,स्टै,False
sto,स्टॉप,स्टो,False
str,स्ट्रे,स्ट्रा,False
str,स्ट्रे,स्ट्रा,False
se,सेव,सेन,False
so,सोय,सोन,False
sk,स्की,स्को,False
swaarthpara,स्वार्थपरक,स्वा्त्ररार,False
swaachaali,स्वाचालित,स्वाचािि,False
swarthpara,स्वार्थपरक,स्वा्््रार,False
stanadhar,स्तनधारी,स्टनधधार,False
standhaar,स्तनधारी,स्तंधार,False
sthitiyaa,स्थितियां,स्थितियां,True
standhar,स्तनधारी,स्टंधार,False
sthitiya,स्थितियां,स्थिटियां,False
sthitiyo,स्थितियों,स्थितियों,True
swaroopo,स्वरुपों,स्वरूपों,False
swachali,स्वाचालित,स्वचालिन,False
swiftlat,स्विफ्टलेट,स्विफ्टलेट,True
sweekart,स्वीकारते,स्वीकृतता,False
sthoolt,स्थूलता,स्थुलता,False
sthulat,स्थूलता,स्थुलता,False
sneaker,स्नीकर्स,स्नेकर्स,False
snicker,स्नीकर्स,स्किकररस,False
snikars,स्नीकर्स,स्नीकृ्ष,False
sphoort,स्फूर्ति,स्फूर्ति,True
slaaido,स्लाइडों,स्लाइडों,True
swarupo,स्वरुपों,स्वरूपों,False
swiftle,स्विफ्टलेट,स्विफलटर,False
swikart,स्वीकारते,स्वीकृरता,False
handiya,हंडिया,हंदिययं,False
haqeeqa,हकीकत,हकीित,False
stroke,स्ट्रोक्स,स्ट्रॉकर,False
spelle,स्पेलर,स्परले,False
sfoort,स्फूर्ति,स्फूर्,False
slider,स्लाइड्स,स्लीइर्स,False
swecch,स्वेच्छा,स्वेच्छ,False
swechh,स्वेच्छा,स्वेच्छ,False
handiy,हंडिया,हैंडिया,False
hundiy,हंडिया,हंडडिया,False
hakika,हकीकत,हककिका,False
hathiy,हथिया,हथिया,True
sthit,स्तिथि,स्थितत,False
stith,स्तिथि,स्टिथ,False
sthoo,स्थूल,स्थून,False
spela,स्पेलर,स्पेलन,False
sprin,स्प्रिट,स्प्रिंग,False
sfurt,स्फूर्ति,स्फूर्त,False
slide,स्लाइडर,स्लाइडर,True
slido,स्लाइडों,स्लिडो,False
slide,स्लाइड्स,स्लाइडर,False
swech,स्वेच्छा,स्वेच्,False
hamal,हमला,हमाली,False
stut,स्तुति,स्टूट,False
sthu,स्थूल,स्थु,False
spea,स्पीयर,स्पेल,False
spel,स्पेल,स्पेल,True
spri,स्प्रिट,स्प्रिन,False
spra,स्प्रे,स्प्रम,False
slid,स्लाइड,स्लाइड,True
slic,स्लाइस,स्लिक,False
slas,स्लैश,स्लास,False
swee,स्वीट,स्वीप,False
swee,स्वीप,स्वीप,True
swet,स्वेता,स्वेट,False
swip,स्वैप,स्वीप्,False
haml,हमला,हमलल,False
sta,स्तन,स्टर,False
spr,स्प्रे,स्पररी,False
swa,स्वैप,स्वा,False
sw,स्वा,एसव,False
hippopotamu,हिप्पोपोटेमस,हिप्पोपाममट,False
hamalava,हमलावर,हमलावा,False
hurrican,हरिकेन,हुरिक्ंग,False
hawamaha,हवामहल,हववमहन,False
haalchaa,हालचाल,हालचार,False
heeragan,हीरागंज,हीरागन,False
hamlava,हमलावर,हमलावन,False
humlava,हमलावर,हुलववर,False
hercule,हरक्यूलिस,हर्कलल,False
harvans,हरवंश,हरवंसी,False
hariyal,हरियाली,हरियाला,False
hawalaa,हवालात,हवाला,False
haarjee,हारजीत,हारजी,False
haarana,हारना,हारना,True
haalcha,हालचाल,हालचार,False
halchaa,हालचाल,हलचार,False
hiragan,हीरागंज,हिरागनी,False
harpaa,हरपाल,हरपान,False
harava,हरावल,हरवान,False
harawa,हरावल,हरवात,False
harija,हरिजन,हरिजन,True
harshi,हर्षित,हर्षित,True
hawala,हवालात,हवाला,False
hasino,हसीनों,हाशनों,False
haanft,हांफते,हांफते,True
hadaut,हाड़ौती,हडौती,False
harjee,हारजीत,हरजीत,False
halcha,हालचाल,हलचर,False
hahaka,हाहाकार,हहकरर,False
hamaa,हमाल,हमार,False
harda,हरदास,हरदनर,False
harpa,हरपाल,हरपप,False
hasin,हसीनों,हाीिंग,False
hafat,हांफते,हफतत,False
hanft,हांफते,हैफट्ट,False
higma,हाइमन,हिजमान,False
haran,हारना,हराना,False
hingi,हिंगिस,हिंगित,False
hinda,हिंडन,हिंदन,False
hindo,हिंडन,हिंडों,False
hijad,हिजड़ा,हिजड़ी,False
hijbu,हिजबुल,हिजबुर,False
himal,हिमाली,हिमाल,False
hilan,हिलने,हिलंन,False
hisha,हिशाम,हिशन,False
heroe,हीरोज,हीरोन,False
hoope,हूपर,हूपे,False
hama,हमाल,हमद,False
hald,हल्दी,हलदी,False
hall,हल्ला,हलली,False
hyme,हाइमन,हामें,False
haan,हानी,हाना,False
harn,हारना,हरनन,False
haul,हाल्ट,हौल्,False
hijd,हिजड़ा,हिजड़ी,False
hipp,हिप्पो,हिप्पी,False
hiln,हिलने,हिलना,False
hero,हीरोज,हेरोन,False
haa,हां,हाग,False
han,हानी,हंग,False
hal,हाल्ट,हाल,False
hui,हुईं,ह्य,False
ha,हां,हा,False
hu,हुईं,हुग,False
hoshangabaa,होशंगाबाद,होशंाबाा़,False
hoshangaba,होशंगाबाद,होशंारबा़,False
hemvat,हेमवती,हेमवतत,False
hemwat,हेमवती,हेमवतत,False
holdin,होल्डिंग,होल्डिंग,True
hostes,होस्टेस,होस्टेस,True
huppa,हूपर,हुप्पन,False
huppe,हूपर,हपपर,False
helpe,हेल्पर,हेल्े,False
haira,हैरम,हैरान,False
heral,हैराल्ड,हेराल्,False
houng,होऊंगा,हांग,False
hoste,होस्टेस,होस्टर,False
hegd,हेगडे,हेग़्,False
hait,हैतो,हैथट,False
hare,हैरम,हरेन,False
haiv,हैव,हैवव,False
hel,हेल्प,हेली,False
hav,हैव,हाव,False
hon,हॉन्ग,होन,False
hal,हॉफ,हाल,False
hoa,हॉफ,होन,False
